11.849047274131928, 43.7, 24.57271067410352
12.514900794552876, 43.7, 44.12427576030669
16.451812376703117, 43.7, 58.04578927624163
15.934187262046756, 46.5, 30.151590349055056
15.799007579681714, 46.5, 28.995336897946146
15.650829850935416, 46.5, 28.70627353516892
15.552044698437884, 46.5, 28.70627353516892
15.273886505879048, 46.5, 29.862526986277828
15.042521280292725, 46.5, 30.151590349055056
15.133507604961503, 46.5, 30.440653711832255
14.917740035032685, 46.5, 31.307843800163937
14.569392392015075, 46.5, 35.93285760459952
14.42901349109753, 46.5, 37.95630114404008
14.317230292218746, 46.5, 37.95630114404008
13.89089437091361, 46.5, 34.77660415349064
13.664728363879789, 46.5, 35.93285760459952
13.513951025857242, 46.5, 36.22192096737675
13.163003773563382, 46.5, 43.15944167403012
12.99662877988333, 46.5, 42.87037831125292
12.858849488242036, 46.5, 44.31569512513903
12.687275276009483, 46.5, 46.33913866457959
13.0, 46.02228207735046, 40.26235764227148
13.0, 46.11866865391894, 42.1537161677512
13.0, 46.241514290721895, 42.574018062302244
13.0, 46.354910263155396, 42.574018062302244
13.0, 46.46452636984111, 42.99431995685329
13.0, 46.58737200664407, 44.46537658778195
13.0, 46.68564851608643, 45.51613132415956
11.0, 45.87938689784045, 51.278219686206214
11.0, 45.97906143981966, 50.77443316876489
11.0, 46.07420532079983, 49.76686013388225
12.0, 46.769864903553064, 61.47505015890549
12.0, 46.03859032881411, 41.38020546987933
12.0, 45.906204414421715, 38.10895168329367
12.0, 45.78012259119086, 35.53868085097638
12.0, 45.382964848013664, 30.164478201585666
12.0, 45.282099389428986, 29.463495247317297
12.0, 45.1812339308443, 28.061529338780588
14.726681716944363, 44.4, 42.15749870516433
14.870517052593664, 44.4, 43.877257801553554
14.971047125896941, 44.4, 45.425040988303834
15.122615544108033, 44.4, 48.00467963288766
15.260264413707905, 44.4, 49.208511000360105
15.823232824206249, 44.4, 55.39964374736127
11.033789026218349, 44.4, 35.28581806657584
11.15664542840765, 44.4, 35.05028343503699
14.0, 45.46104846739986, 36.21956936116263
14.0, 45.60322060955022, 37.97610501864139
14.0, 45.75216285370774, 40.485441672182446
14.0, 45.85371438381513, 44.24944665249404
14.0, 45.939469009239154, 50.77372195170081
16.41787061598952, 45.8, 28.11860559032806
16.59036850574427, 45.8, 26.39448062874419
16.712473753548192, 45.8, 25.53241814795227
10.68038102646129, 45.1, 45.17483607995874
10.786057342195054, 45.1, 44.731414563880136
11.168884750136232, 45.1, 41.1840424352513
11.294499993366934, 45.1, 42.0708854674085
14.261998176244287, 45.1, 49.0785174088015
14.385198329619737, 45.1, 48.37599268997168
14.60474732089137, 45.1, 46.7953120726046
14.718470539391785, 45.1, 46.61968089289715
15.0, 46.904034000654235, 35.37604673126697
15.0, 46.720046014940216, 33.074462041585065
15.0, 46.58665472529755, 30.772877351903134
15.0, 46.43946433672634, 30.772877351903134
15.0, 46.3175722961908, 30.772877351903134
15.0, 46.06458881583402, 33.84165693814569
15.0, 45.91049887779853, 33.585925305958824
15.0, 44.6133835785147, 41.00214263937835
15.0, 44.49149153797916, 42.536532432499655
15.0, 44.29140460351516, 47.65116507623726
15.0, 44.155713464051075, 47.39543344405038
17.0, 46.37441057999133, 28.349696344729864
17.0, 46.486874530733594, 28.87075554276916
17.0, 46.59230948455447, 28.87075554276916
16.10893184082585, 46.5, 27.440325928015966
16.26039635803469, 46.5, 28.23289467532375
16.632820876818784, 46.5, 28.431036862150705
16.7646841035653, 46.5, 28.431036862150705
17.17987507426718, 46.5, 27.638468114842908
17.322429913993147, 46.5, 29.025463422631546
16.308101006340053, 44.4, 60.75433206775304
16.0, 45.73748553966203, 33.971781152569065
16.0, 45.85883821579292, 28.335129717425588
16.0, 46.00323253929044, 27.13947638269819
16.0, 46.12612132524576, 27.31028400194495
16.0, 46.30738228452987, 29.01836019441268
16.0, 46.404157203469694, 29.01836019441268
16.0, 46.531654318898354, 29.359975432906225
16.0, 46.66375976380033, 29.359975432906225
16.0, 46.769751341686806, 30.043205909893317
16.0, 46.91875399465764, 33.117743056335215
16.0, 47.03242612166632, 33.117743056335215
9.610276948775407, 45.8, 32.39784395580682
9.715328262352537, 45.8, 33.16382252020837
9.810046659840115, 45.8, 33.929801084609906
10.395578571581495, 45.8, 36.41923141891492
10.521295717337733, 45.8, 36.99371534221608
10.645290710412379, 45.8, 38.142683188818395
12.736246347796207, 45.8, 45.682134467246186
12.611782603104086, 45.8, 44.78924821170119
12.13801738137279, 45.8, 35.86038565625125
11.991471359396584, 45.8, 35.413942528478756
11.854962736185872, 45.8, 35.413942528478756
11.744551349765441, 45.8, 32.065619070185036
13.48285576633323, 45.8, 41.11424408520344
13.639670166132815, 45.8, 41.32689000816107
13.785010341556823, 45.8, 42.815411468864454
13.926525775522302, 45.8, 41.11424408520344
14.035530907090306, 45.8, 40.26366039337293
14.159835004492418, 45.8, 40.47630631633055
14.766056525668866, 45.8, 34.734866396474615
14.86932454504908, 45.8, 33.45899085872885
14.989803900992666, 45.8, 32.39576124394071
15.395035305352538, 45.8, 29.652154035248188
15.522477472890602, 45.8, 27.627736539416972
15.648705905499732, 45.8, 26.95293070747323
15.814987590763682, 45.8, 28.977348203304444
15.956994577448953, 45.8, 31.001765699135674
10.0, 46.09145901627356, 42.04658436937686
10.0, 45.9766865858794, 40.14179153676538
10.0, 45.738576618345235, 34.808371605453246
10.0, 45.64607346549023, 35.18933017197554
10.0, 45.55357031263524, 35.18933017197554
15.929949363558958, 44.4, 56.4314992051948
15.653105007846857, 44.4, 54.19581237988882
11.400240018955401, 44.4, 33.87261027734269
11.609943188209552, 44.4, 35.75688732965355
11.2858564720895, 44.4, 35.05028343503699
9.116805509299088, 44.4, 31.98833322503185
9.26508047745859, 44.4, 35.05028343503699
9.544684703130791, 44.4, 36.69902585580897
9.961972827808243, 44.4, 27.748709857332415
10.095420299151794, 44.4, 30.339590804259842
10.188621707709194, 44.4, 31.75279859349297
10.379260952485694, 44.4, 30.575125435798697
10.523299492983496, 44.4, 33.87261027734269
10.660983391988747, 44.4, 38.81883753965869
10.290295971589995, 44.4, 31.75279859349297
15.414265406796591, 46.5, 28.41721017239169
14.007876788344898, 46.5, 33.909414065158956
12.33355166335459, 46.5, 43.90529824072874
12.196246162394171, 46.5, 44.50403059787337
12.005095366939468, 46.5, 46.300227669307276
11.892020248501476, 46.5, 46.59959384787959
11.714330776670344, 46.5, 51.090086526464376
11.428950715850648, 46.5, 48.99452327645815
10.524349768346708, 46.5, 51.090086526464376
10.634732622059987, 46.5, 51.38945270503669
10.731654152149694, 46.5, 51.38945270503669
17.45785701173282, 46.5, 30.214316543593227
16.891201523822097, 46.5, 29.025463422631546
16.443935714181876, 46.5, 30.80874310407407
16.04574033696804, 45.8, 29.842730551911913
16.272507225746754, 45.8, 27.687574349932092
16.855898965254386, 45.8, 26.60999624894218
16.44770203152576, 44.4, 58.67198836890759
16.24586301984246, 43.0, 48.27581650688594
16.404317370953038, 43.0, 42.49169632185379
16.572375016070318, 43.0, 42.936628643779336
9.500059177153501, 45.8, 32.39784395580682
9.920264431462021, 45.8, 34.69577964901144
10.059758798670996, 45.8, 35.46175821341299
10.221641150740673, 45.8, 36.03624213671415
10.802006604437278, 45.8, 36.41923141891492
12.475273979893373, 45.8, 41.44092475340746
12.296608281867588, 45.8, 40.99448162563496
11.604027767048532, 45.8, 36.08360722013751
13.148190888712163, 45.8, 43.02805739182209
13.316479512887328, 45.8, 41.752181854076326
14.31473703356274, 45.8, 40.47630631633055
14.467726691903799, 45.8, 39.41307670154242
14.624541091703385, 45.8, 37.92455524083903
15.095242777905854, 45.8, 32.2164161966344
15.254242053596201, 45.8, 31.40664919830192
11.496039879915072, 45.8, 37.554395780562615
16.0, 45.60998842423338, 37.38793353750451
11.0, 44.04090684444697, 30.605379044102165
11.0, 44.123693671170855, 33.99686987951715
11.0, 44.21809970164546, 36.09636420620261
11.0, 44.674153448861226, 44.17134238576209
11.0, 44.77001187980467, 44.49434151294447
11.0, 44.87603711402999, 45.14033976730923
11.0, 45.231502374975534, 40.19491630249712
11.0, 45.31985026445711, 40.69870281993843
11.0, 45.578097941403264, 50.77443316876489
11.0, 45.682303144381535, 51.02632642748554
11.0, 45.77065103386312, 51.02632642748554
11.0, 46.36190229423984, 46.24035451179299
11.0, 46.44798485322189, 46.24035451179299
11.0, 46.55219005620017, 49.011180357720264
11.0, 46.633741954183165, 51.02632642748554
10.0, 46.23877885230189, 44.14185648524948
10.0, 45.86020113413606, 38.046519420892764
9.0, 46.2774770062264, 53.589801661808394
9.0, 45.870099893207716, 50.82419712176802
9.0, 45.765817021755176, 51.26177169691705
9.0, 45.51789925188687, 45.354514932405095
9.0, 45.18930982674395, 51.91813355964061
9.0, 45.09289736068405, 51.26177169691705
9.0, 45.01025810406128, 49.73026068389544
9.0, 44.45342692253167, 59.57568862474871
15.57563953898259, 43.7, 58.59661984145301
15.694600105388265, 43.7, 59.989021047250304
15.825188396329835, 43.7, 61.38142225304759
15.919104632965894, 43.7, 62.8732806878304
11.704923135512676, 43.7, 23.931675753244377
12.929978313776324, 43.7, 23.290640832385265
12.785854175157072, 43.7, 29.059955120117365
12.638847553765434, 43.7, 34.82926940784944
12.356400357118225, 43.7, 52.2043259924436
12.231671665859706, 43.7, 54.51585893827074
12.102785351559236, 43.7, 55.44047211660158
11.99468715246852, 43.7, 54.97816552743616
12.0, 46.63537762544016, 54.93254258573418
12.0, 46.477775346401586, 51.89494978390465
12.0, 46.284449884114274, 46.28708614975781
12.0, 46.14996260600137, 43.716815317440506
12.0, 44.844237073498945, 24.4811143203447
12.0, 44.94884787850951, 23.678894265904802
12.0, 43.3580421885212, 66.59766717843925
12.0, 43.53119110715939, 60.98212679735998
12.0, 43.6754818726912, 54.16325633462087
12.0, 43.80714719623899, 50.352711076031355
12.0, 44.0001360951378, 53.36103628018097
8.000229008198136, 45.8, 51.09847044281766
8.491375925090352, 45.8, 46.56313103280816
8.610338846136909, 45.8, 48.83080073781291
8.741198059288122, 45.8, 52.42127777073709
8.87375674274, 45.8, 53.17716767240533
8.119591297444199, 44.4, 25.662179687350374
17.0, 44.90535022342049, 28.0891667457102
17.0, 45.00375618031997, 28.0891667457102
17.0, 45.46064098021042, 26.78651875061192
17.0, 45.5637329350575, 26.00492995355296
17.0, 45.666824889904575, 25.744400354533298
17.0, 46.097936701083256, 27.307577948651243
17.0, 46.24554563643248, 27.307577948651243
17.0, 46.71648843016572, 29.391814740808485
17.0, 46.87346936141013, 30.694462735906768
17.0, 47.021078296759356, 35.38399551826055
7.458814600419351, 45.1, 56.93816724907968
7.579650615202318, 45.1, 57.14174833695563
7.707810024820616, 45.1, 55.92026180969992
7.810337552515255, 45.1, 54.6987752824442
7.938496962133553, 45.1, 51.44147787642896
8.330151595552962, 45.1, 49.63287461129795
8.0, 45.77518292575616, 53.63955018323156
8.0, 45.4312675677139, 61.81009516510412
8.0, 45.544824345422604, 61.184999245930285
14.0, 44.714080545943226, 42.743844660369405
14.0, 44.835942382072105, 40.23450800682835
14.0, 44.99842483024394, 36.972370357224946
14.0, 45.18347428510631, 37.97610501864139
14.0, 45.312106223242345, 37.725171353287266
14.0, 46.029737036001286, 52.53025760917956
14.0, 46.158368974137325, 52.53025760917956
14.0, 46.49236067315721, 47.00971697138921
13.0, 43.64713925560321, 45.37437124826923
13.0, 43.531559936059686, 44.50306047143738
13.0, 45.489321006913016, 45.51613132415956
13.0, 45.6064968450943, 44.0450746932309
13.0, 45.733122347645036, 41.52326332592463
13.0, 45.80493979685292, 39.42175385316939
13.0, 45.91077603779085, 38.37099911679178
16.745789337280044, 45.1, 29.220097459609875
16.896687955797063, 45.1, 29.041595748793227
17.33814668018196, 45.1, 26.721073508176758
17.471386949723584, 45.1, 28.506090616343272
17.561283999052872, 45.1, 28.68459232715992
17.768368273400696, 45.1, 22.615534159393775
16.19998582349508, 45.1, 29.39859917042652
15.0, 46.21177920440524, 33.84165693814569
15.0, 45.78170728779872, 31.795803880650652
15.0, 45.67131449637031, 32.81873040939817
15.0, 45.53792320672764, 31.54007224846376
15.0, 45.402232067263554, 30.51714571971624
15.0, 44.70307772155028, 40.49067937500459
15.0, 44.40869694440785, 45.09384875436845
18.0, 45.355024975897585, 26.205118644724365
16.55675765356131, 43.7, 58.36117798872648
16.32133987033888, 43.7, 57.888094919999205
9.201169930841832, 45.1, 37.61270167988903
9.34249242935896, 45.1, 38.478846671943074
9.486040479033838, 45.1, 40.953546649240366
10.907684799926365, 45.1, 43.84457153172292
11.029312257657677, 45.1, 41.1840424352513
11.507846517584152, 45.1, 40.51891016113339
11.633461760814853, 45.1, 40.29719940309408
11.802942644538813, 45.1, 41.40575319329059
11.92656399501982, 45.1, 41.1840424352513
12.181782266980605, 45.1, 51.6044480630985
12.307397510211306, 45.1, 52.04786957917712
12.437000538941392, 45.1, 51.6044480630985
14.479967678370084, 45.1, 46.7953120726046
14.860624562517302, 45.1, 44.51210673640769
11.849047274131928, 43.7, 24.57271067410352
12.514900794552876, 43.7, 44.12427576030669
16.451812376703117, 43.7, 58.04578927624163
15.934187262046756, 46.5, 30.151590349055056
15.799007579681714, 46.5, 28.995336897946146
15.650829850935416, 46.5, 28.70627353516892
15.552044698437884, 46.5, 28.70627353516892
15.273886505879048, 46.5, 29.862526986277828
15.042521280292725, 46.5, 30.151590349055056
15.133507604961503, 46.5, 30.440653711832255
14.917740035032685, 46.5, 31.307843800163937
14.569392392015075, 46.5, 35.93285760459952
14.42901349109753, 46.5, 37.95630114404008
14.317230292218746, 46.5, 37.95630114404008
13.89089437091361, 46.5, 34.77660415349064
13.664728363879789, 46.5, 35.93285760459952
13.513951025857242, 46.5, 36.22192096737675
13.163003773563382, 46.5, 43.15944167403012
12.99662877988333, 46.5, 42.87037831125292
12.858849488242036, 46.5, 44.31569512513903
12.687275276009483, 46.5, 46.33913866457959
13.0, 46.02228207735046, 40.26235764227148
13.0, 46.11866865391894, 42.1537161677512
13.0, 46.241514290721895, 42.574018062302244
13.0, 46.354910263155396, 42.574018062302244
13.0, 46.46452636984111, 42.99431995685329
13.0, 46.58737200664407, 44.46537658778195
13.0, 46.68564851608643, 45.51613132415956
11.0, 45.87938689784045, 51.278219686206214
11.0, 45.97906143981966, 50.77443316876489
11.0, 46.07420532079983, 49.76686013388225
12.0, 46.769864903553064, 61.47505015890549
12.0, 46.03859032881411, 41.38020546987933
12.0, 45.906204414421715, 38.10895168329367
12.0, 45.78012259119086, 35.53868085097638
12.0, 45.382964848013664, 30.164478201585666
12.0, 45.282099389428986, 29.463495247317297
12.0, 45.1812339308443, 28.061529338780588
14.726681716944363, 44.4, 42.15749870516433
14.870517052593664, 44.4, 43.877257801553554
14.971047125896941, 44.4, 45.425040988303834
15.122615544108033, 44.4, 48.00467963288766
15.260264413707905, 44.4, 49.208511000360105
15.823232824206249, 44.4, 55.39964374736127
11.033789026218349, 44.4, 35.28581806657584
11.15664542840765, 44.4, 35.05028343503699
14.0, 45.46104846739986, 36.21956936116263
14.0, 45.60322060955022, 37.97610501864139
14.0, 45.75216285370774, 40.485441672182446
14.0, 45.85371438381513, 44.24944665249404
14.0, 45.939469009239154, 50.77372195170081
16.41787061598952, 45.8, 28.11860559032806
16.59036850574427, 45.8, 26.39448062874419
16.712473753548192, 45.8, 25.53241814795227
10.68038102646129, 45.1, 45.17483607995874
10.786057342195054, 45.1, 44.731414563880136
11.168884750136232, 45.1, 41.1840424352513
11.294499993366934, 45.1, 42.0708854674085
14.261998176244287, 45.1, 49.0785174088015
14.385198329619737, 45.1, 48.37599268997168
14.60474732089137, 45.1, 46.7953120726046
14.718470539391785, 45.1, 46.61968089289715
15.0, 46.904034000654235, 35.37604673126697
15.0, 46.720046014940216, 33.074462041585065
15.0, 46.58665472529755, 30.772877351903134
15.0, 46.43946433672634, 30.772877351903134
15.0, 46.3175722961908, 30.772877351903134
15.0, 46.06458881583402, 33.84165693814569
15.0, 45.91049887779853, 33.585925305958824
15.0, 44.6133835785147, 41.00214263937835
15.0, 44.49149153797916, 42.536532432499655
15.0, 44.29140460351516, 47.65116507623726
15.0, 44.155713464051075, 47.39543344405038
17.0, 46.37441057999133, 28.349696344729864
17.0, 46.486874530733594, 28.87075554276916
17.0, 46.59230948455447, 28.87075554276916
16.10893184082585, 46.5, 27.440325928015966
16.26039635803469, 46.5, 28.23289467532375
16.632820876818784, 46.5, 28.431036862150705
16.7646841035653, 46.5, 28.431036862150705
17.17987507426718, 46.5, 27.638468114842908
17.322429913993147, 46.5, 29.025463422631546
16.308101006340053, 44.4, 60.75433206775304
16.0, 45.73748553966203, 33.971781152569065
16.0, 45.85883821579292, 28.335129717425588
16.0, 46.00323253929044, 27.13947638269819
16.0, 46.12612132524576, 27.31028400194495
16.0, 46.30738228452987, 29.01836019441268
16.0, 46.404157203469694, 29.01836019441268
16.0, 46.531654318898354, 29.359975432906225
16.0, 46.66375976380033, 29.359975432906225
16.0, 46.769751341686806, 30.043205909893317
16.0, 46.91875399465764, 33.117743056335215
16.0, 47.03242612166632, 33.117743056335215
9.610276948775407, 45.8, 32.39784395580682
9.715328262352537, 45.8, 33.16382252020837
9.810046659840115, 45.8, 33.929801084609906
10.395578571581495, 45.8, 36.41923141891492
10.521295717337733, 45.8, 36.99371534221608
10.645290710412379, 45.8, 38.142683188818395
12.736246347796207, 45.8, 45.682134467246186
12.611782603104086, 45.8, 44.78924821170119
12.13801738137279, 45.8, 35.86038565625125
11.991471359396584, 45.8, 35.413942528478756
11.854962736185872, 45.8, 35.413942528478756
11.744551349765441, 45.8, 32.065619070185036
13.48285576633323, 45.8, 41.11424408520344
13.639670166132815, 45.8, 41.32689000816107
13.785010341556823, 45.8, 42.815411468864454
13.926525775522302, 45.8, 41.11424408520344
14.035530907090306, 45.8, 40.26366039337293
14.159835004492418, 45.8, 40.47630631633055
14.766056525668866, 45.8, 34.734866396474615
14.86932454504908, 45.8, 33.45899085872885
14.989803900992666, 45.8, 32.39576124394071
15.395035305352538, 45.8, 29.652154035248188
15.522477472890602, 45.8, 27.627736539416972
15.648705905499732, 45.8, 26.95293070747323
15.814987590763682, 45.8, 28.977348203304444
15.956994577448953, 45.8, 31.001765699135674
10.0, 46.09145901627356, 42.04658436937686
10.0, 45.9766865858794, 40.14179153676538
10.0, 45.738576618345235, 34.808371605453246
10.0, 45.64607346549023, 35.18933017197554
10.0, 45.55357031263524, 35.18933017197554
15.929949363558958, 44.4, 56.4314992051948
15.653105007846857, 44.4, 54.19581237988882
11.400240018955401, 44.4, 33.87261027734269
11.609943188209552, 44.4, 35.75688732965355
11.2858564720895, 44.4, 35.05028343503699
9.116805509299088, 44.4, 31.98833322503185
9.26508047745859, 44.4, 35.05028343503699
9.544684703130791, 44.4, 36.69902585580897
9.961972827808243, 44.4, 27.748709857332415
10.095420299151794, 44.4, 30.339590804259842
10.188621707709194, 44.4, 31.75279859349297
10.379260952485694, 44.4, 30.575125435798697
10.523299492983496, 44.4, 33.87261027734269
10.660983391988747, 44.4, 38.81883753965869
10.290295971589995, 44.4, 31.75279859349297
15.414265406796591, 46.5, 28.41721017239169
14.007876788344898, 46.5, 33.909414065158956
12.33355166335459, 46.5, 43.90529824072874
12.196246162394171, 46.5, 44.50403059787337
12.005095366939468, 46.5, 46.300227669307276
11.892020248501476, 46.5, 46.59959384787959
11.714330776670344, 46.5, 51.090086526464376
11.428950715850648, 46.5, 48.99452327645815
10.524349768346708, 46.5, 51.090086526464376
10.634732622059987, 46.5, 51.38945270503669
10.731654152149694, 46.5, 51.38945270503669
17.45785701173282, 46.5, 30.214316543593227
16.891201523822097, 46.5, 29.025463422631546
16.443935714181876, 46.5, 30.80874310407407
16.04574033696804, 45.8, 29.842730551911913
16.272507225746754, 45.8, 27.687574349932092
16.855898965254386, 45.8, 26.60999624894218
16.44770203152576, 44.4, 58.67198836890759
16.24586301984246, 43.0, 48.27581650688594
16.404317370953038, 43.0, 42.49169632185379
16.572375016070318, 43.0, 42.936628643779336
9.500059177153501, 45.8, 32.39784395580682
9.920264431462021, 45.8, 34.69577964901144
10.059758798670996, 45.8, 35.46175821341299
10.221641150740673, 45.8, 36.03624213671415
10.802006604437278, 45.8, 36.41923141891492
12.475273979893373, 45.8, 41.44092475340746
12.296608281867588, 45.8, 40.99448162563496
11.604027767048532, 45.8, 36.08360722013751
13.148190888712163, 45.8, 43.02805739182209
13.316479512887328, 45.8, 41.752181854076326
14.31473703356274, 45.8, 40.47630631633055
14.467726691903799, 45.8, 39.41307670154242
14.624541091703385, 45.8, 37.92455524083903
15.095242777905854, 45.8, 32.2164161966344
15.254242053596201, 45.8, 31.40664919830192
11.496039879915072, 45.8, 37.554395780562615
16.0, 45.60998842423338, 37.38793353750451
11.0, 44.04090684444697, 30.605379044102165
11.0, 44.123693671170855, 33.99686987951715
11.0, 44.21809970164546, 36.09636420620261
11.0, 44.674153448861226, 44.17134238576209
11.0, 44.77001187980467, 44.49434151294447
11.0, 44.87603711402999, 45.14033976730923
11.0, 45.231502374975534, 40.19491630249712
11.0, 45.31985026445711, 40.69870281993843
11.0, 45.578097941403264, 50.77443316876489
11.0, 45.682303144381535, 51.02632642748554
11.0, 45.77065103386312, 51.02632642748554
11.0, 46.36190229423984, 46.24035451179299
11.0, 46.44798485322189, 46.24035451179299
11.0, 46.55219005620017, 49.011180357720264
11.0, 46.633741954183165, 51.02632642748554
10.0, 46.23877885230189, 44.14185648524948
10.0, 45.86020113413606, 38.046519420892764
9.0, 46.2774770062264, 53.589801661808394
9.0, 45.870099893207716, 50.82419712176802
9.0, 45.765817021755176, 51.26177169691705
9.0, 45.51789925188687, 45.354514932405095
9.0, 45.18930982674395, 51.91813355964061
9.0, 45.09289736068405, 51.26177169691705
9.0, 45.01025810406128, 49.73026068389544
9.0, 44.45342692253167, 59.57568862474871
15.57563953898259, 43.7, 58.59661984145301
15.694600105388265, 43.7, 59.989021047250304
15.825188396329835, 43.7, 61.38142225304759
15.919104632965894, 43.7, 62.8732806878304
11.704923135512676, 43.7, 23.931675753244377
12.929978313776324, 43.7, 23.290640832385265
12.785854175157072, 43.7, 29.059955120117365
12.638847553765434, 43.7, 34.82926940784944
12.356400357118225, 43.7, 52.2043259924436
12.231671665859706, 43.7, 54.51585893827074
12.102785351559236, 43.7, 55.44047211660158
11.99468715246852, 43.7, 54.97816552743616
12.0, 46.63537762544016, 54.93254258573418
12.0, 46.477775346401586, 51.89494978390465
12.0, 46.284449884114274, 46.28708614975781
12.0, 46.14996260600137, 43.716815317440506
12.0, 44.844237073498945, 24.4811143203447
12.0, 44.94884787850951, 23.678894265904802
12.0, 43.3580421885212, 66.59766717843925
12.0, 43.53119110715939, 60.98212679735998
12.0, 43.6754818726912, 54.16325633462087
12.0, 43.80714719623899, 50.352711076031355
12.0, 44.0001360951378, 53.36103628018097
8.000229008198136, 45.8, 51.09847044281766
8.491375925090352, 45.8, 46.56313103280816
8.610338846136909, 45.8, 48.83080073781291
8.741198059288122, 45.8, 52.42127777073709
8.87375674274, 45.8, 53.17716767240533
8.119591297444199, 44.4, 25.662179687350374
17.0, 44.90535022342049, 28.0891667457102
17.0, 45.00375618031997, 28.0891667457102
17.0, 45.46064098021042, 26.78651875061192
17.0, 45.5637329350575, 26.00492995355296
17.0, 45.666824889904575, 25.744400354533298
17.0, 46.097936701083256, 27.307577948651243
17.0, 46.24554563643248, 27.307577948651243
17.0, 46.71648843016572, 29.391814740808485
17.0, 46.87346936141013, 30.694462735906768
17.0, 47.021078296759356, 35.38399551826055
7.458814600419351, 45.1, 56.93816724907968
7.579650615202318, 45.1, 57.14174833695563
7.707810024820616, 45.1, 55.92026180969992
7.810337552515255, 45.1, 54.6987752824442
7.938496962133553, 45.1, 51.44147787642896
8.330151595552962, 45.1, 49.63287461129795
8.0, 45.77518292575616, 53.63955018323156
8.0, 45.4312675677139, 61.81009516510412
8.0, 45.544824345422604, 61.184999245930285
14.0, 44.714080545943226, 42.743844660369405
14.0, 44.835942382072105, 40.23450800682835
14.0, 44.99842483024394, 36.972370357224946
14.0, 45.18347428510631, 37.97610501864139
14.0, 45.312106223242345, 37.725171353287266
14.0, 46.029737036001286, 52.53025760917956
14.0, 46.158368974137325, 52.53025760917956
14.0, 46.49236067315721, 47.00971697138921
13.0, 43.64713925560321, 45.37437124826923
13.0, 43.531559936059686, 44.50306047143738
13.0, 45.489321006913016, 45.51613132415956
13.0, 45.6064968450943, 44.0450746932309
13.0, 45.733122347645036, 41.52326332592463
13.0, 45.80493979685292, 39.42175385316939
13.0, 45.91077603779085, 38.37099911679178
16.745789337280044, 45.1, 29.220097459609875
16.896687955797063, 45.1, 29.041595748793227
17.33814668018196, 45.1, 26.721073508176758
17.471386949723584, 45.1, 28.506090616343272
17.561283999052872, 45.1, 28.68459232715992
17.768368273400696, 45.1, 22.615534159393775
16.19998582349508, 45.1, 29.39859917042652
15.0, 46.21177920440524, 33.84165693814569
15.0, 45.78170728779872, 31.795803880650652
15.0, 45.67131449637031, 32.81873040939817
15.0, 45.53792320672764, 31.54007224846376
15.0, 45.402232067263554, 30.51714571971624
15.0, 44.70307772155028, 40.49067937500459
15.0, 44.40869694440785, 45.09384875436845
18.0, 45.355024975897585, 26.205118644724365
16.55675765356131, 43.7, 58.36117798872648
16.32133987033888, 43.7, 57.888094919999205
9.201169930841832, 45.1, 37.61270167988903
9.34249242935896, 45.1, 38.478846671943074
9.486040479033838, 45.1, 40.953546649240366
10.907684799926365, 45.1, 43.84457153172292
11.029312257657677, 45.1, 41.1840424352513
11.507846517584152, 45.1, 40.51891016113339
11.633461760814853, 45.1, 40.29719940309408
11.802942644538813, 45.1, 41.40575319329059
11.92656399501982, 45.1, 41.1840424352513
12.181782266980605, 45.1, 51.6044480630985
12.307397510211306, 45.1, 52.04786957917712
12.437000538941392, 45.1, 51.6044480630985
14.479967678370084, 45.1, 46.7953120726046
14.860624562517302, 45.1, 44.51210673640769
