18.0, 48.58560182128096, 26.422482939184277
18.0, 48.70037856659036, 25.510869240957135
18.0, 48.8192544813751, 24.827158967286778
18.0, 49.71492301173596, 32.803778826774376
18.0, 49.85839394337272, 31.89216512854722
18.0, 50.096145772942194, 30.296841156649705
10.378981060215551, 43.7, 19.764948767660087
10.546165061013884, 43.7, 21.04701860937834
11.31290547846831, 43.7, 23.290640832385265
11.849047274131928, 43.7, 24.57271067410352
12.514900794552876, 43.7, 44.12427576030669
16.451812376703117, 43.7, 58.04578927624163
21.0, 50.285269546719526, 45.164651465857816
21.0, 50.17188651903174, 45.385837736848714
21.0, 49.89539106554748, 38.97143587811249
21.0, 48.79736595530785, 28.354494870549075
21.0, 48.9385974459365, 30.345171309467204
15.934187262046756, 46.5, 30.151590349055056
15.799007579681714, 46.5, 28.995336897946146
15.650829850935416, 46.5, 28.70627353516892
15.552044698437884, 46.5, 28.70627353516892
15.273886505879048, 46.5, 29.862526986277828
15.042521280292725, 46.5, 30.151590349055056
15.133507604961503, 46.5, 30.440653711832255
14.917740035032685, 46.5, 31.307843800163937
14.569392392015075, 46.5, 35.93285760459952
14.42901349109753, 46.5, 37.95630114404008
14.317230292218746, 46.5, 37.95630114404008
13.89089437091361, 46.5, 34.77660415349064
13.664728363879789, 46.5, 35.93285760459952
13.513951025857242, 46.5, 36.22192096737675
13.163003773563382, 46.5, 43.15944167403012
12.99662877988333, 46.5, 42.87037831125292
12.858849488242036, 46.5, 44.31569512513903
12.687275276009483, 46.5, 46.33913866457959
9.382829525067924, 46.5, 46.00086149073496
9.495904643505918, 46.5, 46.59959384787959
9.894359822763606, 46.5, 50.49135416931975
10.012819470651026, 46.5, 52.58691741932597
2.340374278846183, 45.8, 28.27519025706168
2.4482279118756085, 45.8, 27.89446718363132
2.9173056174321568, 45.8, 34.17639789523214
2.9994798140260044, 45.8, 29.988444087498266
3.098773634910237, 45.8, 27.3233825734858
3.5301881670279385, 45.8, 25.610128743049216
3.643177687344479, 45.8, 24.658321059473323
4.407312763917819, 45.8, 27.812802407076944
4.499483598266945, 45.8, 26.89498785505735
4.610914009942755, 45.8, 26.589049671050816
6.683883455831162, 45.8, 41.30596842746466
6.80145179629521, 45.8, 41.30596842746466
6.939767490958797, 45.8, 40.92146833941695
13.0, 46.02228207735046, 40.26235764227148
13.0, 46.11866865391894, 42.1537161677512
13.0, 46.241514290721895, 42.574018062302244
13.0, 46.354910263155396, 42.574018062302244
13.0, 46.46452636984111, 42.99431995685329
13.0, 46.58737200664407, 44.46537658778195
13.0, 46.68564851608643, 45.51613132415956
13.0, 47.67219347625788, 39.42175385316939
13.0, 47.8725263608904, 38.5811500640673
13.0, 48.076639111270694, 37.74054627496521
13.0, 48.24807039201933, 34.80794994335838
13.0, 48.47413743112648, 33.742801306482434
13.0, 48.64656144400482, 33.95583103385762
13.0, 48.84389114763225, 32.6776526696065
13.0, 49.22897144306053, 37.790366126611005
13.0, 49.407142923034804, 34.594920215983194
13.0, 49.59106187010503, 32.03856348748094
13.0, 49.80371815265498, 29.908266213729064
13.0, 49.95889976424548, 29.908266213729064
13.0, 50.137071244219754, 28.843117576853118
13.0, 50.32865348075124, 26.499790575726053
13.0, 50.51448825018678, 25.43464193885012
13.0, 50.94189742841119, 29.12517877405901
6.0, 48.46951967508518, 31.565698255876583
6.0, 48.291095146369834, 28.73142648700619
6.0, 48.1636490544303, 26.96000663146218
6.0, 48.03620296249077, 26.96000663146218
6.0, 47.91194302284973, 27.314290602570978
6.0, 47.63634084903049, 27.491432588125377
6.0, 47.55350088926979, 29.262852443669388
6.0, 47.44676478727043, 28.73142648700619
6.0, 47.266747182405844, 29.617136414778187
6.0, 47.19346567954061, 30.148562371441386
6.0, 47.10903264363067, 28.73142648700619
6.0, 46.755384822710504, 26.48427924592994
6.0, 46.63922953060058, 27.106731254871633
6.0, 46.5132780090356, 27.106731254871633
6.0, 46.399921639627124, 27.72918326381331
6.0, 43.24824278348886, 26.48436088811779
6.0, 43.33584430859286, 27.587098075803567
6.0, 43.86641203610955, 23.17614932506048
6.0, 43.957319279142006, 23.54372838762241
6.0, 44.32425396920028, 33.46836307679433
6.0, 44.42673122498232, 33.28457354551338
6.0, 45.530988383264855, 31.50673680002606
6.0, 45.332156175435095, 21.271027186967984
6.0, 45.25115046113408, 21.885169763751463
6.0, 45.13516500656672, 21.6804555714903
6.0, 43.20892471303527, 26.65351203086344
6.0, 43.341518241214814, 26.819171891981057
6.0, 43.62309326173092, 25.990872586392996
6.0, 43.886790503166644, 22.51201550292315
6.0, 43.9925673627256, 23.67163453074643
6.0, 44.32479609063614, 34.10820578115596
6.0, 44.44100165465866, 35.26782480897924
6.0, 48.44854725811031, 31.44149358707756
6.0, 48.293023623634205, 28.55925373256663
6.0, 48.15345113115565, 27.672410700409415
6.0, 48.00789696042801, 27.2289891843308
6.0, 47.84838554045252, 28.337542974527324
6.0, 47.59316726849173, 28.115832216488016
6.0, 47.467552025261035, 28.55925373256663
6.0, 47.258193286543204, 30.77636131295965
6.0, 47.11463300856526, 29.66780752276314
6.0, 47.186413147554234, 30.77636131295965
6.0, 46.76370788461918, 27.450699942370107
6.0, 46.6301170703897, 27.2289891843308
6.0, 46.4745934359136, 28.115832216488016
11.0, 45.87938689784045, 51.278219686206214
11.0, 45.97906143981966, 50.77443316876489
11.0, 46.07420532079983, 49.76686013388225
11.0, 47.57947937195302, 38.33752380290416
11.0, 47.73676367789965, 33.440543081522875
11.0, 48.02826392492074, 32.0414057325568
11.0, 48.185548230867376, 30.875457941751733
11.0, 48.468659981571314, 25.51209810404842
11.0, 48.81678257873319, 26.911235453014484
11.0, 49.09360295719926, 24.812529429565387
11.0, 49.422851437647545, 29.47632059278564
11.0, 49.571747247277024, 30.175889267268673
11.0, 49.69757469203433, 30.875457941751733
11.0, 48.95473821166113, 26.344238814048225
11.0, 50.44014778206571, 30.422510621906554
11.0, 50.54467660368677, 29.606856260334894
11.0, 50.64737158633203, 28.791201898763234
2.7456718097005903, 44.4, 27.921047920334075
2.8612211214586463, 44.4, 28.428225443153806
3.435926908886869, 44.4, 30.96411305725239
3.8601145138934143, 44.4, 29.273521314519996
3.9832657540566054, 44.4, 29.611639663066484
4.112498536943904, 44.4, 29.273521314519996
4.733590667949145, 44.4, 27.555594312242505
4.845683446040952, 44.4, 27.782215189284386
5.112668062950527, 44.4, 25.062764664781866
5.948268772362175, 44.4, 29.82180308266129
6.074627904029302, 44.4, 33.221116238289426
6.1541118739489455, 44.4, 35.260704131666316
6.457781400052204, 44.4, 39.113259041378214
6.551531723547169, 44.4, 40.019742549545725
6.675852804703536, 44.4, 40.92622605771324
6.895327047669542, 44.4, 43.333978707608
6.992885128868778, 44.4, 41.36162167442019
7.094244174270582, 44.4, 38.5439687698662
6.128034641712705, 43.0, 26.794389014236216
6.2149982570068385, 43.0, 26.415176746652804
6.325834237283676, 43.0, 26.794389014236216
2.603745069440381, 43.7, 28.688987070684405
2.760430392707619, 43.7, 28.12696729562056
3.0889641350421493, 43.7, 30.749726245918538
3.2338559393537882, 43.7, 30.562386320897247
3.9802172104009523, 43.7, 25.12952849528
4.101521976801394, 43.7, 24.567508720216154
4.478914583380547, 43.7, 25.12952849528
4.62043681084773, 43.7, 26.440907970428995
4.772325229371543, 43.7, 27.193576775359503
5.120757138192795, 43.7, 27.844734095393164
5.2847250952851486, 43.7, 28.658680745435234
5.682932991080865, 43.7, 26.054051465300603
5.78394896464669, 43.7, 26.542419455325856
7.97546627501016, 43.7, 19.900803715053456
7.866892530800268, 43.7, 20.098719281003355
7.719161042776969, 43.7, 21.484128242652687
7.48777437478867, 43.7, 23.067452770251933
7.607360048829415, 43.7, 21.766489472372527
12.0, 50.990010933493764, 24.711098925901183
12.0, 50.82593288831655, 27.447795855520695
12.0, 50.67826264765705, 28.360028165393857
12.0, 50.50392972465626, 28.588086242862147
12.0, 50.29883216818474, 30.412550862608498
12.0, 49.964523151136156, 31.09672509501337
12.0, 49.816852910476655, 29.50031855273531
12.0, 49.70404925441732, 28.360028165393857
12.0, 49.40732507110715, 28.137376716445914
12.0, 49.26113574287096, 27.440711932327048
12.0, 49.09406222488675, 25.582939174676767
12.0, 48.947872896650566, 26.047382364089344
12.0, 48.79541831148997, 26.047382364089344
12.0, 48.62207953658135, 28.60181990585849
12.0, 48.438298666798715, 29.762927879389906
12.0, 48.23154518829325, 33.942916584103074
12.0, 48.08117902210746, 38.587348478228776
12.0, 47.82639190718154, 35.33624615234078
12.0, 47.38976720110477, 44.41779827170886
12.0, 47.30361128856369, 49.09101796683123
12.0, 47.12079264487895, 60.54040621988102
12.0, 46.91275763654804, 61.94237212841773
12.0, 46.769864903553064, 61.47505015890549
12.0, 46.03859032881411, 41.38020546987933
12.0, 45.906204414421715, 38.10895168329367
12.0, 45.78012259119086, 35.53868085097638
12.0, 45.382964848013664, 30.164478201585666
12.0, 45.282099389428986, 29.463495247317297
12.0, 45.1812339308443, 28.061529338780588
14.726681716944363, 44.4, 42.15749870516433
14.870517052593664, 44.4, 43.877257801553554
14.971047125896941, 44.4, 45.425040988303834
15.122615544108033, 44.4, 48.00467963288766
15.260264413707905, 44.4, 49.208511000360105
15.823232824206249, 44.4, 55.39964374736127
11.033789026218349, 44.4, 35.28581806657584
11.15664542840765, 44.4, 35.05028343503699
14.0, 45.46104846739986, 36.21956936116263
14.0, 45.60322060955022, 37.97610501864139
14.0, 45.75216285370774, 40.485441672182446
14.0, 45.85371438381513, 44.24944665249404
14.0, 45.939469009239154, 50.77372195170081
14.0, 47.29123271000207, 45.253181313910474
14.0, 47.38375743743326, 44.75131398320225
14.0, 47.50787597423119, 43.99851298713993
14.0, 48.08846773503375, 39.575611699644256
14.0, 48.22710164668961, 39.575611699644256
14.0, 48.70375307328165, 38.5363720836653
14.0, 48.845502353738766, 39.055991891654784
14.0, 49.08694343583605, 37.323925865023185
14.0, 49.22869271629315, 36.63109945437054
14.0, 49.557540223638114, 35.58705851764026
14.0, 49.675734381815374, 34.56029361542652
14.0, 49.937977670271174, 30.863939967457043
14.0, 50.056171828448434, 30.65858698701429
3.763365100796938, 47.2, 30.891318969894314
3.914948504285573, 47.2, 30.57329433911221
4.57562333835868, 47.2, 25.484900246598613
4.672865521728747, 47.2, 26.756998769727005
5.084714768943153, 47.2, 29.937245077548
5.2334381082150205, 47.2, 29.619220446765894
6.1057576943288625, 47.2, 31.20934360067639
6.271641418901331, 47.2, 31.20934360067639
6.589108546962434, 47.2, 30.57329433911221
6.729251693584002, 47.2, 30.57329433911221
7.063879206945706, 47.2, 25.484900246598613
7.13824087658164, 47.2, 24.530826354252298
7.810300719863889, 47.2, 27.3366574817463
7.9908237150857175, 47.2, 27.085741966604473
8.182629397508911, 47.2, 27.587572996888156
8.548188462833114, 47.2, 29.34398160288103
8.805433731024223, 47.2, 31.35130572401576
8.97016096416414, 47.2, 31.602221239157615
16.41787061598952, 45.8, 28.11860559032806
16.59036850574427, 45.8, 26.39448062874419
16.712473753548192, 45.8, 25.53241814795227
18.06047095928215, 45.8, 22.83329296759446
4.0, 43.53814120229091, 24.899452654622493
4.0, 43.66253837066635, 25.193757633607532
4.0, 44.043670120582576, 31.374162192293582
4.0, 44.17203741135297, 29.90263729736833
4.0, 44.30702157278163, 29.019722360413184
4.0, 44.77213898079772, 32.15114974954551
4.0, 44.87885130554112, 30.353290791679953
4.0, 45.02436811200939, 28.195860042241293
4.0, 45.20868940020254, 26.937358771735404
4.0, 45.35258935326561, 27.476716459095073
4.0, 45.48517133249226, 28.01607414645474
4.0, 46.078556532201766, 28.01607414645474
4.0, 46.18850256375557, 28.375645938027844
4.0, 46.46498449604529, 31.791577957972407
4.0, 46.57493052759909, 30.89264847903962
4.0, 46.92485068817876, 28.084574963636314
4.0, 47.20073479231865, 31.449139584784717
10.68038102646129, 45.1, 45.17483607995874
10.786057342195054, 45.1, 44.731414563880136
11.168884750136232, 45.1, 41.1840424352513
11.294499993366934, 45.1, 42.0708854674085
14.261998176244287, 45.1, 49.0785174088015
14.385198329619737, 45.1, 48.37599268997168
14.60474732089137, 45.1, 46.7953120726046
14.718470539391785, 45.1, 46.61968089289715
16.036956048987847, 47.2, 31.090084928851823
17.082469846856252, 47.2, 32.133674067629656
17.424091949570887, 47.2, 27.959317512518297
17.55923915504041, 47.2, 32.133674067629656
17.681247048867064, 47.2, 37.35161976151886
17.818271298857, 47.2, 37.1429019337633
17.953418504326525, 47.2, 37.560337589274425
18.05665595294908, 47.2, 36.30803062274103
19.04636050436134, 47.2, 31.62940302073018
18.907642937003178, 47.2, 31.14230755567641
18.425781913548512, 47.2, 30.005751470550976
18.298745825546828, 47.2, 29.193925695461374
18.199453251016774, 47.2, 29.03156054044345
20.14481653003398, 47.2, 37.203905252251275
20.308750519617824, 47.2, 36.58598566085044
21.898076655922182, 47.2, 32.260548521044484
22.05089647672068, 47.2, 30.71574954254234
9.044464227069488, 49.3, 23.366209580687354
9.172103254457372, 49.3, 22.948773925176212
9.342914305814688, 49.3, 24.409798719465186
9.453659932518882, 49.3, 25.03595220273189
9.530618757855695, 49.3, 25.03595220273189
9.900396528376477, 49.3, 23.366209580687354
9.99612579891739, 49.3, 23.366209580687354
10.448493528336217, 49.3, 24.827234374976328
10.5761325557241, 49.3, 26.07954134150974
10.825779476938639, 49.3, 27.749283963554277
10.930893970081602, 49.3, 27.12313048028757
11.240606315949263, 49.3, 31.088769207643367
11.368245343337147, 49.3, 31.088769207643367
11.480868014561752, 49.3, 30.045180068865534
11.599121819347586, 49.3, 27.749283963554277
11.670449511123168, 49.3, 27.12313048028757
12.258350815538057, 49.3, 29.609218031978003
12.396598575184619, 49.3, 29.329718950293028
13.070242204007862, 49.3, 35.19919966567764
13.195921985504736, 49.3, 34.36070242062269
13.33919693641117, 49.3, 36.03769691073256
13.50760784361698, 49.3, 36.03769691073256
13.638314816373732, 49.3, 36.59669507410254
14.085734838502603, 49.3, 36.59669507410254
14.211414619999475, 49.3, 37.71469140084247
19.0, 47.423813365316526, 31.81885499027453
19.0, 47.722534947187576, 31.406229842655932
19.0, 47.8394260009632, 30.78729212122802
19.0, 48.12887051507428, 26.04210292361404
19.0, 48.22906284688196, 25.629477775995426
19.0, 48.34038766000161, 26.04210292361404
19.0, 48.41460420208137, 25.629477775995426
19.0, 48.51482843912638, 24.750185977285994
4.402867030447354, 47.9, 33.914607218235574
4.530394644407316, 47.9, 33.64190676286185
4.645659987794207, 47.9, 32.278404485993235
4.898262761599518, 47.9, 30.369501298377145
5.015980559101021, 47.9, 31.187602664498343
5.145960627175599, 47.9, 31.460303119872066
5.717382435880818, 47.9, 26.824395378518744
5.8645296827576985, 47.9, 28.18789765538736
6.18580117177222, 47.9, 28.18789765538736
6.342758235107559, 47.9, 28.18789765538736
6.4800956655259805, 47.9, 26.55169492314502
7.041707657772741, 47.9, 21.09768581567053
7.191307358764235, 47.9, 21.643086726417977
7.348264422099575, 47.9, 24.370091280155208
8.09700415481524, 47.9, 22.109878267418168
8.2490912931573, 47.9, 21.92997062708278
8.473986104109922, 47.9, 22.469693548088955
8.823462932640616, 47.9, 24.26876995144282
8.0, 49.027905406990875, 20.980625938405893
8.0, 48.90969847736679, 22.7935929547409
8.0, 48.798285049445234, 24.00223763229758
8.0, 48.548284186791996, 28.836816342524287
8.0, 48.440946859891966, 28.98789692721887
8.0, 48.3281747316299, 23.54899587821383
8.0, 48.211326502346324, 24.15331821699216
8.0, 47.854584498630324, 23.36395061791775
8.0, 47.73333068349265, 23.548646632706877
8.0, 47.570551589198246, 23.91803866228514
8.0, 47.40445047257129, 24.47212670665253
8.0, 47.16858688696102, 28.904831061591636
8.0, 46.97757060284003, 30.75179120948293
8.0, 46.668622525913904, 34.26101549047638
8.0, 46.48591129762426, 36.292671653156816
8.0, 46.26333580134415, 46.45095246655893
8.0, 46.1520480532041, 50.6989608067089
8.0, 46.04076030506404, 50.6989608067089
15.0, 49.99451938115005, 29.87391388917925
15.0, 49.69446017555547, 35.14208147156566
15.0, 49.55232686764225, 35.434757448364905
15.0, 49.307541726236146, 33.97137756436868
15.0, 49.165408418322926, 34.55672951796717
15.0, 48.436317190693984, 36.31278537876264
15.0, 48.26523080153918, 35.72743342516415
15.0, 47.74670743748539, 33.678701587569435
15.0, 47.60983832616155, 32.507997680372455
15.0, 47.44664823189081, 34.849405494766415
15.0, 47.28872233420945, 36.8981373323611
15.0, 46.904034000654235, 35.37604673126697
15.0, 46.720046014940216, 33.074462041585065
15.0, 46.58665472529755, 30.772877351903134
15.0, 46.43946433672634, 30.772877351903134
15.0, 46.3175722961908, 30.772877351903134
15.0, 46.06458881583402, 33.84165693814569
15.0, 45.91049887779853, 33.585925305958824
15.0, 44.6133835785147, 41.00214263937835
15.0, 44.49149153797916, 42.536532432499655
15.0, 44.29140460351516, 47.65116507623726
15.0, 44.155713464051075, 47.39543344405038
17.0, 46.37441057999133, 28.349696344729864
17.0, 46.486874530733594, 28.87075554276916
17.0, 46.59230948455447, 28.87075554276916
17.0, 49.80150228867887, 38.388577749294186
17.0, 49.65030765876754, 35.23631354016133
3.0, 43.53255694389143, 30.742553819838335
3.0, 43.40445324098709, 34.08385203094376
3.0, 43.8583515463395, 26.34610880522594
3.0, 43.95482470531684, 27.928829010486396
3.0, 44.199961420751066, 29.159833614577863
3.0, 44.31066832449555, 28.808118013408873
3.0, 45.137807048186524, 26.69782440639493
3.0, 45.28172602305436, 27.40125560873291
3.0, 45.416155834744096, 27.04954000756392
3.0, 46.19743026974092, 36.897576840295685
3.0, 46.289158847129215, 37.07343464088018
3.0, 46.39195811489195, 37.42515024204917
9.330208419580439, 48.6, 25.131495124452158
9.446687082371401, 48.6, 26.722071520116742
9.698035775762424, 48.6, 23.540918728787574
9.796123070744287, 48.6, 24.67704472569085
10.192559221295983, 48.6, 26.267621121355432
10.374429414074854, 48.6, 28.312647915781326
10.72590888775986, 48.6, 26.722071520116742
10.899605139290244, 48.6, 24.904269925071503
11.267432495472228, 48.6, 26.722071520116742
11.426824349817757, 48.6, 26.267621121355432
11.600520601348137, 48.6, 25.813170722594123
11.909086883478581, 48.6, 27.630972317639362
12.058060491395791, 48.6, 29.421079140020026
12.351859059525268, 48.6, 29.9747894829257
12.483819433346133, 48.6, 29.9747894829257
12.84733291594701, 48.6, 34.404472226170896
13.016640565377555, 48.6, 34.404472226170896
13.190927851556058, 48.6, 34.12761705471809
13.387623503100368, 48.6, 34.404472226170896
13.537012605539083, 48.6, 34.12761705471809
14.149507925537822, 48.6, 38.55729979796328
9.238472369340275, 50.0, 23.768824230839925
10.058473840142565, 50.0, 26.463799700621905
10.181676031568523, 50.0, 26.239218411473416
11.413697945828119, 50.0, 32.752075796779906
11.528821305029426, 50.0, 32.5274945076314
11.692417657578652, 50.0, 32.976657085928395
11.990496155525001, 50.0, 30.06665806615416
12.095951682453432, 50.0, 29.521257155406715
12.191597392923404, 50.0, 28.97585624465924
12.319125006883366, 50.0, 30.339358521527885
12.419675625582569, 50.0, 31.430160343022777
12.534940968969458, 50.0, 31.430160343022777
13.030336700121623, 50.0, 28.97585624465924
13.177483946998503, 50.0, 28.97585624465924
13.309916469187694, 50.0, 28.97585624465924
13.452158807835346, 50.0, 31.430160343022777
13.525732431273784, 50.0, 33.33906353063884
13.741548393359876, 50.0, 29.521257155406715
13.878885823778297, 50.0, 31.157459887649054
14.317875110294324, 50.0, 33.61176398601256
14.425783091337369, 50.0, 32.52096216451767
14.509166531234268, 50.0, 31.975561253770223
14.813016794822726, 50.0, 33.19353294256108
15.502277193447098, 50.0, 31.872114675939756
15.664193968123946, 50.0, 35.01048305916538
15.818683367815616, 50.0, 38.47920600904635
17.539329439600795, 48.6, 27.316151475333882
17.676392412550435, 48.6, 27.15049161421628
17.795577606419684, 48.6, 26.98483175309866
18.227096420135325, 48.6, 21.951150474155696
18.387042093323842, 48.6, 23.2685687998825
18.54994972342326, 48.6, 23.762600672030047
19.09346881657313, 48.6, 24.915341707040994
19.254895468217097, 48.6, 29.196951265653084
19.605887362158565, 48.6, 28.373564812073838
19.802857496733314, 48.6, 29.526305847084785
20.177270855296555, 48.6, 26.553994574996267
20.411748566559506, 48.6, 24.994087538024687
20.554038459719074, 48.6, 26.331150712571755
21.301561419557373, 48.6, 27.668213887118824
21.455875810730426, 48.6, 28.33674547439236
9.433075145046246, 47.2, 32.4693284587683
9.300760974770212, 47.2, 33.906772687411696
10.158724902352226, 47.2, 38.10020416884818
10.292257971817229, 47.2, 38.650137497136456
10.430736710521677, 47.2, 37.9627208367761
13.200924469524438, 47.2, 39.33640374485047
13.34499086337922, 47.2, 41.09196013900154
13.504845355190689, 47.2, 43.0669610824215
13.656805798023814, 47.2, 44.603072927303685
13.842315949014903, 47.2, 45.26140657511033
14.493574989728296, 47.2, 40.433626491194886
14.976318177485407, 47.2, 36.391611893182315
15.931979888452783, 47.2, 29.947859223225016
16.01607622150511, 49.3, 35.18737439762937
16.172064531497668, 49.3, 34.125428967811146
16.4044552790376, 49.3, 35.54135620756878
17.614160540204374, 49.3, 36.95728344732643
18.82701599823742, 49.3, 37.42242732987245
19.315869587250045, 49.3, 37.661890056613345
19.442928449592532, 49.3, 40.05651732402252
19.815490876461183, 49.3, 35.027800062463285
19.985620539597736, 49.3, 36.7040391496497
20.226817024044493, 49.3, 31.914784614831376
20.431403327816295, 49.3, 34.548874608981436
22.26837782023928, 49.3, 27.6994210340213
22.12170288662154, 49.3, 29.204914124872346
9.0, 49.78484093471472, 26.445076238924372
9.0, 49.534252232314586, 21.841427062877244
9.0, 49.220471596265725, 24.264400313428354
9.0, 48.778128060724626, 22.326021712987455
9.0, 48.39461839444268, 24.991292288593712
9.0, 48.128776466679064, 26.202778913869253
9.0, 47.87165066769458, 24.264400313428354
9.0, 47.75180389698147, 26.202778913869253
9.0, 47.625420029684015, 28.14115751431015
9.0, 47.4794248726335, 28.86804948947548
9.0, 47.32035552241429, 29.1103468145306
9.0, 49.36210868892667, 23.052913688152813
9.0, 47.18704387856627, 31.486528056582827
9.0, 47.0725950668149, 34.33316177846794
9.0, 46.958146255063525, 35.00295794832326
9.0, 46.809061618703176, 35.337856033250915
9.0, 46.60727029272049, 46.724390920791365
5.466711905446157, 48.6, 31.918727378051344
6.0549136633566345, 48.6, 30.138998090349133
6.188959642200179, 48.6, 30.806396573237464
6.579093461222434, 48.6, 27.691870319758607
7.297339825473664, 48.6, 27.46940415879584
7.411378941803245, 48.6, 25.467208710130848
7.523417371881432, 48.6, 25.022276388205313
7.7915998651806255, 48.6, 26.16972791378592
7.936479995222348, 48.6, 25.24916017480058
8.526349096106507, 48.6, 21.106605349366532
8.869921975919738, 48.6, 21.106605349366532
23.0, 49.05368477297974, 48.116702761074066
23.0, 49.61341557754875, 32.75553214926322
23.0, 49.97069055918854, 22.161621382497145
23.0, 50.297001709086224, 22.691316920835447
16.10893184082585, 46.5, 27.440325928015966
16.26039635803469, 46.5, 28.23289467532375
16.632820876818784, 46.5, 28.431036862150705
16.7646841035653, 46.5, 28.431036862150705
17.17987507426718, 46.5, 27.638468114842908
17.322429913993147, 46.5, 29.025463422631546
17.577246690003317, 46.5, 29.81803216993933
17.65208798085945, 46.5, 29.81803216993933
19.360318743370122, 46.5, 25.72703577956699
19.536243263458935, 46.5, 25.49135006744345
22.0, 47.25080290099736, 31.05910765621121
22.0, 47.38963529875413, 31.05910765621121
9.062297169038638, 47.9, 26.246908413234394
9.22738605391191, 47.9, 26.053676345410025
9.467199381412032, 47.9, 26.246908413234394
9.684421598350546, 47.9, 26.633372548883145
10.129292698640626, 47.9, 30.88447804101935
10.475110468006744, 47.9, 34.362655261858066
10.685381574003227, 47.9, 29.531853566248742
10.859159347554039, 47.9, 32.23710251578997
11.229306005217268, 47.9, 33.78295905838495
11.378754890470967, 47.9, 34.942351465331186
11.736925366105778, 47.9, 36.52179902832968
11.929610613677905, 47.9, 37.17768541514411
12.358236980726108, 47.9, 36.30317023272487
12.739675123879096, 47.9, 38.27082939316816
12.922529491473053, 47.9, 40.01985975800663
13.32952792256928, 47.9, 35.86591264151525
14.18362737500323, 47.9, 40.84407172139228
15.015249414079909, 47.9, 31.64794614481582
15.127817038153825, 47.9, 32.66973787554656
3.498710430719819, 45.1, 27.908202608982805
3.633860353590025, 45.1, 28.06154940244781
3.9601536386368563, 45.1, 26.332730311422807
4.092620128334561, 45.1, 27.520601408583957
4.374645558013546, 45.1, 28.946046725177382
4.5092486039966975, 45.1, 28.470898286312917
4.844687940811854, 45.1, 31.08421470006749
4.981427543080453, 45.1, 30.846640480635244
5.101074695065476, 45.1, 30.37149204177078
5.242087409904969, 45.1, 31.08421470006749
5.500610720444038, 45.1, 31.08421470006749
6.149757773603872, 45.1, 38.412288252368015
6.279748031931003, 45.1, 40.24451804325159
6.417061685093466, 45.1, 42.891072185638976
6.653241168532902, 45.1, 52.66296440368468
6.799709065239529, 45.1, 54.90235637032016
6.904067441643, 45.1, 57.7524916005835
7.023072607717134, 45.1, 56.93816724907968
7.158555412170765, 45.1, 54.291613106692296
7.266575485991902, 45.1, 55.513099633948016
7.367272164977709, 45.1, 55.92026180969992
16.308101006340053, 44.4, 60.75433206775304
16.009953339338306, 50.0, 32.53592640099215
16.123317703578806, 50.0, 32.36558123658906
16.267321085181603, 50.0, 32.195236072185956
16.643415023303803, 50.0, 36.36869260006191
16.736098050824754, 50.0, 35.77248452465106
16.850994365933367, 50.0, 35.85765710685261
17.540375860476242, 50.0, 32.39124261433673
17.665111345236465, 50.0, 32.16386633437139
18.23357798070108, 50.0, 33.073371454232785
20.29977361285063, 50.0, 34.194508056931696
20.420157859770377, 50.0, 34.41395260620058
20.536595082200954, 50.0, 37.26673174669607
5.0, 43.3346649566973, 28.794655413190952
5.0, 43.463556705799135, 28.557761056389836
5.0, 44.13890686225005, 28.557761056389836
5.0, 44.24542896894578, 27.610183629185414
5.0, 44.36686417057891, 26.781053380381536
5.0, 44.783628467467416, 30.89471828304991
5.0, 44.87374766430238, 30.89471828304991
5.0, 46.177332325496465, 30.661676481158537
5.0, 46.37643287664347, 27.865174858461785
5.0, 46.64050308132266, 25.301715037656408
5.0, 46.90038169545139, 29.263425669810147
5.0, 47.19288773062781, 28.221607400837186
5.0, 47.616462561780786, 29.09787479206578
5.0, 47.92971092528462, 32.82201120478729
5.0, 48.06761900984605, 31.507610117944395
5.0, 47.40369008845743, 27.12627316180145
16.0, 45.73748553966203, 33.971781152569065
16.0, 45.85883821579292, 28.335129717425588
16.0, 46.00323253929044, 27.13947638269819
16.0, 46.12612132524576, 27.31028400194495
16.0, 46.30738228452987, 29.01836019441268
16.0, 46.404157203469694, 29.01836019441268
16.0, 46.531654318898354, 29.359975432906225
16.0, 46.66375976380033, 29.359975432906225
16.0, 46.769751341686806, 30.043205909893317
16.0, 46.91875399465764, 33.117743056335215
16.0, 47.03242612166632, 33.117743056335215
16.0, 47.29970923111916, 29.70159067139977
16.0, 47.394948040234546, 30.555628767633635
16.0, 49.40577183567738, 33.82457617622103
16.0, 49.78135931758383, 33.380284447506114
16.0, 49.935190360705086, 36.26818068415308
16.0, 50.28312973417178, 31.829287540292697
16.0, 50.44278159794801, 33.24948572279395
16.0, 50.57369612624453, 34.49215913248254
7.0, 48.97930672726583, 30.442834054025695
7.0, 48.81672464452079, 27.818564297880755
7.0, 48.38404652108642, 20.52892608636705
7.0, 47.938256939366156, 23.44478137097255
7.0, 47.80976464816443, 22.86161031405146
7.0, 47.68127235696271, 23.73636689943308
7.0, 47.594736732275834, 24.319537956354196
7.0, 47.35086360815828, 25.485880070196373
7.0, 47.193526108727596, 27.818564297880755
7.0, 47.13583569226968, 28.693320883262402
7.0, 46.354392778430636, 28.98490641172296
7.0, 45.84158615984713, 40.83884236764746
7.0, 45.694320026690455, 44.365818617342526
7.0, 45.354475104021205, 45.62545299223362
7.0, 45.20947460368233, 46.38123361716828
7.0, 45.08939606433919, 49.15242924192869
7.0, 44.86283278255969, 54.442893616471295
7.0, 44.71783228222081, 54.442893616471295
7.0, 44.581894313153114, 54.69482049144952
7.0, 44.47540957071675, 54.442893616471295
9.610276948775407, 45.8, 32.39784395580682
9.715328262352537, 45.8, 33.16382252020837
9.810046659840115, 45.8, 33.929801084609906
10.395578571581495, 45.8, 36.41923141891492
10.521295717337733, 45.8, 36.99371534221608
10.645290710412379, 45.8, 38.142683188818395
12.736246347796207, 45.8, 45.682134467246186
12.611782603104086, 45.8, 44.78924821170119
12.13801738137279, 45.8, 35.86038565625125
11.991471359396584, 45.8, 35.413942528478756
11.854962736185872, 45.8, 35.413942528478756
11.744551349765441, 45.8, 32.065619070185036
13.48285576633323, 45.8, 41.11424408520344
13.639670166132815, 45.8, 41.32689000816107
13.785010341556823, 45.8, 42.815411468864454
13.926525775522302, 45.8, 41.11424408520344
14.035530907090306, 45.8, 40.26366039337293
14.159835004492418, 45.8, 40.47630631633055
14.766056525668866, 45.8, 34.734866396474615
14.86932454504908, 45.8, 33.45899085872885
14.989803900992666, 45.8, 32.39576124394071
15.395035305352538, 45.8, 29.652154035248188
15.522477472890602, 45.8, 27.627736539416972
15.648705905499732, 45.8, 26.95293070747323
15.814987590763682, 45.8, 28.977348203304444
15.956994577448953, 45.8, 31.001765699135674
20.0, 48.73977680084976, 27.992244461769644
20.0, 48.887497923995156, 27.19098400069629
20.0, 49.244190392077925, 24.386572386939605
20.0, 49.54323559259176, 32.79980722820969
20.0, 49.77742761709055, 34.00169791981969
20.0, 49.93235464868206, 32.79980722820969
20.0, 50.14853190206556, 35.203588611429694
20.0, 50.29265007098789, 34.802958380893045
20.0, 49.67294194462186, 34.40232815035637
3.3031993020471226, 46.5, 34.02672103985361
3.4557134152690043, 46.5, 32.330841476656914
3.7759930530349566, 46.5, 29.95661008818152
3.8980043436124623, 46.5, 29.617434175542172
4.029166480983281, 46.5, 29.95661008818152
4.50653565536777, 46.5, 27.92155461234546
4.630072087077496, 46.5, 27.7519666560258
5.183698318072926, 46.5, 25.71691118018974
5.278685335894328, 46.5, 25.805574654820035
5.411124651585222, 46.5, 26.436713797381657
5.872770266279199, 46.5, 26.857473225756067
6.147108848781766, 46.5, 30.85468779531304
6.268196223127727, 46.5, 30.85468779531304
6.860389163288443, 46.5, 28.330131225066538
6.962556635392847, 46.5, 29.171650081815372
7.551529433321411, 46.5, 34.520604703333746
7.701700804183359, 46.5, 35.58645329272355
8.104287883515386, 46.5, 34.875887566463675
10.0, 50.92182613517994, 27.539891030802806
10.0, 50.8391782487267, 26.786610238057207
10.0, 50.728077811199384, 26.033329445311622
10.0, 46.771421037935596, 50.40731082061549
10.0, 46.87215273414793, 46.88704255540884
10.0, 46.993030769602726, 43.36677429020219
10.0, 47.122542950447155, 42.40670112696401
10.0, 47.28371366438688, 36.966286535281
10.0, 47.43049413601056, 35.3661645965507
10.0, 47.94854285938826, 29.285701229375576
10.0, 48.072298943306265, 27.68557929064528
10.0, 48.27951843265735, 26.40548173966104
10.0, 48.42054280735461, 26.085457351914982
10.0, 48.62200619977927, 25.125384188676804
10.0, 48.780298865255794, 24.485335413184686
10.0, 48.95585982151157, 22.88521347445439
10.0, 49.30698173402312, 22.56518908670833
10.0, 49.73868900350453, 26.085457351914982
10.0, 49.8797133782018, 26.085457351914982
10.0, 46.09145901627356, 42.04658436937686
10.0, 45.9766865858794, 40.14179153676538
10.0, 45.738576618345235, 34.808371605453246
10.0, 45.64607346549023, 35.18933017197554
10.0, 45.55357031263524, 35.18933017197554
