18.0, 48.58560182128096, 26.422482939184277
18.0, 48.70037856659036, 25.510869240957135
18.0, 48.8192544813751, 24.827158967286778
18.0, 49.71492301173596, 32.803778826774376
18.0, 49.85839394337272, 31.89216512854722
18.0, 50.096145772942194, 30.296841156649705
10.378981060215551, 43.7, 19.764948767660087
10.546165061013884, 43.7, 21.04701860937834
11.31290547846831, 43.7, 23.290640832385265
11.849047274131928, 43.7, 24.57271067410352
12.514900794552876, 43.7, 44.12427576030669
16.451812376703117, 43.7, 58.04578927624163
21.0, 50.285269546719526, 45.164651465857816
21.0, 50.17188651903174, 45.385837736848714
21.0, 49.89539106554748, 38.97143587811249
21.0, 48.79736595530785, 28.354494870549075
21.0, 48.9385974459365, 30.345171309467204
15.934187262046756, 46.5, 30.151590349055056
15.799007579681714, 46.5, 28.995336897946146
15.650829850935416, 46.5, 28.70627353516892
15.552044698437884, 46.5, 28.70627353516892
15.273886505879048, 46.5, 29.862526986277828
15.042521280292725, 46.5, 30.151590349055056
15.133507604961503, 46.5, 30.440653711832255
14.917740035032685, 46.5, 31.307843800163937
14.569392392015075, 46.5, 35.93285760459952
14.42901349109753, 46.5, 37.95630114404008
14.317230292218746, 46.5, 37.95630114404008
13.89089437091361, 46.5, 34.77660415349064
13.664728363879789, 46.5, 35.93285760459952
13.513951025857242, 46.5, 36.22192096737675
13.163003773563382, 46.5, 43.15944167403012
12.99662877988333, 46.5, 42.87037831125292
12.858849488242036, 46.5, 44.31569512513903
12.687275276009483, 46.5, 46.33913866457959
9.382829525067924, 46.5, 46.00086149073496
9.495904643505918, 46.5, 46.59959384787959
9.894359822763606, 46.5, 50.49135416931975
10.012819470651026, 46.5, 52.58691741932597
2.340374278846183, 45.8, 28.27519025706168
2.4482279118756085, 45.8, 27.89446718363132
2.9173056174321568, 45.8, 34.17639789523214
2.9994798140260044, 45.8, 29.988444087498266
3.098773634910237, 45.8, 27.3233825734858
3.5301881670279385, 45.8, 25.610128743049216
3.643177687344479, 45.8, 24.658321059473323
4.407312763917819, 45.8, 27.812802407076944
4.499483598266945, 45.8, 26.89498785505735
4.610914009942755, 45.8, 26.589049671050816
6.683883455831162, 45.8, 41.30596842746466
6.80145179629521, 45.8, 41.30596842746466
6.939767490958797, 45.8, 40.92146833941695
13.0, 46.02228207735046, 40.26235764227148
13.0, 46.11866865391894, 42.1537161677512
13.0, 46.241514290721895, 42.574018062302244
13.0, 46.354910263155396, 42.574018062302244
13.0, 46.46452636984111, 42.99431995685329
13.0, 46.58737200664407, 44.46537658778195
13.0, 46.68564851608643, 45.51613132415956
13.0, 47.67219347625788, 39.42175385316939
13.0, 47.8725263608904, 38.5811500640673
13.0, 48.076639111270694, 37.74054627496521
13.0, 48.24807039201933, 34.80794994335838
13.0, 48.47413743112648, 33.742801306482434
13.0, 48.64656144400482, 33.95583103385762
13.0, 48.84389114763225, 32.6776526696065
13.0, 49.22897144306053, 37.790366126611005
13.0, 49.407142923034804, 34.594920215983194
13.0, 49.59106187010503, 32.03856348748094
13.0, 49.80371815265498, 29.908266213729064
13.0, 49.95889976424548, 29.908266213729064
13.0, 50.137071244219754, 28.843117576853118
13.0, 50.32865348075124, 26.499790575726053
13.0, 50.51448825018678, 25.43464193885012
13.0, 50.94189742841119, 29.12517877405901
6.0, 48.46951967508518, 31.565698255876583
6.0, 48.291095146369834, 28.73142648700619
6.0, 48.1636490544303, 26.96000663146218
6.0, 48.03620296249077, 26.96000663146218
6.0, 47.91194302284973, 27.314290602570978
6.0, 47.63634084903049, 27.491432588125377
6.0, 47.55350088926979, 29.262852443669388
6.0, 47.44676478727043, 28.73142648700619
6.0, 47.266747182405844, 29.617136414778187
6.0, 47.19346567954061, 30.148562371441386
6.0, 47.10903264363067, 28.73142648700619
6.0, 46.755384822710504, 26.48427924592994
6.0, 46.63922953060058, 27.106731254871633
6.0, 46.5132780090356, 27.106731254871633
6.0, 46.399921639627124, 27.72918326381331
6.0, 43.24824278348886, 26.48436088811779
6.0, 43.33584430859286, 27.587098075803567
6.0, 43.86641203610955, 23.17614932506048
6.0, 43.957319279142006, 23.54372838762241
6.0, 44.32425396920028, 33.46836307679433
6.0, 44.42673122498232, 33.28457354551338
6.0, 45.530988383264855, 31.50673680002606
6.0, 45.332156175435095, 21.271027186967984
6.0, 45.25115046113408, 21.885169763751463
6.0, 45.13516500656672, 21.6804555714903
6.0, 43.20892471303527, 26.65351203086344
6.0, 43.341518241214814, 26.819171891981057
6.0, 43.62309326173092, 25.990872586392996
6.0, 43.886790503166644, 22.51201550292315
6.0, 43.9925673627256, 23.67163453074643
6.0, 44.32479609063614, 34.10820578115596
6.0, 44.44100165465866, 35.26782480897924
6.0, 48.44854725811031, 31.44149358707756
6.0, 48.293023623634205, 28.55925373256663
6.0, 48.15345113115565, 27.672410700409415
6.0, 48.00789696042801, 27.2289891843308
6.0, 47.84838554045252, 28.337542974527324
6.0, 47.59316726849173, 28.115832216488016
6.0, 47.467552025261035, 28.55925373256663
6.0, 47.258193286543204, 30.77636131295965
6.0, 47.11463300856526, 29.66780752276314
6.0, 47.186413147554234, 30.77636131295965
6.0, 46.76370788461918, 27.450699942370107
6.0, 46.6301170703897, 27.2289891843308
6.0, 46.4745934359136, 28.115832216488016
11.0, 45.87938689784045, 51.278219686206214
11.0, 45.97906143981966, 50.77443316876489
11.0, 46.07420532079983, 49.76686013388225
11.0, 47.57947937195302, 38.33752380290416
11.0, 47.73676367789965, 33.440543081522875
11.0, 48.02826392492074, 32.0414057325568
11.0, 48.185548230867376, 30.875457941751733
11.0, 48.468659981571314, 25.51209810404842
11.0, 48.81678257873319, 26.911235453014484
11.0, 49.09360295719926, 24.812529429565387
11.0, 49.422851437647545, 29.47632059278564
11.0, 49.571747247277024, 30.175889267268673
11.0, 49.69757469203433, 30.875457941751733
11.0, 48.95473821166113, 26.344238814048225
11.0, 50.44014778206571, 30.422510621906554
11.0, 50.54467660368677, 29.606856260334894
11.0, 50.64737158633203, 28.791201898763234
2.7456718097005903, 44.4, 27.921047920334075
2.8612211214586463, 44.4, 28.428225443153806
3.435926908886869, 44.4, 30.96411305725239
3.8601145138934143, 44.4, 29.273521314519996
3.9832657540566054, 44.4, 29.611639663066484
4.112498536943904, 44.4, 29.273521314519996
4.733590667949145, 44.4, 27.555594312242505
4.845683446040952, 44.4, 27.782215189284386
5.112668062950527, 44.4, 25.062764664781866
5.948268772362175, 44.4, 29.82180308266129
6.074627904029302, 44.4, 33.221116238289426
6.1541118739489455, 44.4, 35.260704131666316
6.457781400052204, 44.4, 39.113259041378214
6.551531723547169, 44.4, 40.019742549545725
6.675852804703536, 44.4, 40.92622605771324
6.895327047669542, 44.4, 43.333978707608
6.992885128868778, 44.4, 41.36162167442019
7.094244174270582, 44.4, 38.5439687698662
6.128034641712705, 43.0, 26.794389014236216
6.2149982570068385, 43.0, 26.415176746652804
6.325834237283676, 43.0, 26.794389014236216
2.603745069440381, 43.7, 28.688987070684405
2.760430392707619, 43.7, 28.12696729562056
3.0889641350421493, 43.7, 30.749726245918538
3.2338559393537882, 43.7, 30.562386320897247
3.9802172104009523, 43.7, 25.12952849528
4.101521976801394, 43.7, 24.567508720216154
4.478914583380547, 43.7, 25.12952849528
4.62043681084773, 43.7, 26.440907970428995
4.772325229371543, 43.7, 27.193576775359503
5.120757138192795, 43.7, 27.844734095393164
5.2847250952851486, 43.7, 28.658680745435234
5.682932991080865, 43.7, 26.054051465300603
5.78394896464669, 43.7, 26.542419455325856
7.97546627501016, 43.7, 19.900803715053456
7.866892530800268, 43.7, 20.098719281003355
7.719161042776969, 43.7, 21.484128242652687
7.48777437478867, 43.7, 23.067452770251933
7.607360048829415, 43.7, 21.766489472372527
12.0, 50.990010933493764, 24.711098925901183
12.0, 50.82593288831655, 27.447795855520695
12.0, 50.67826264765705, 28.360028165393857
12.0, 50.50392972465626, 28.588086242862147
12.0, 50.29883216818474, 30.412550862608498
12.0, 49.964523151136156, 31.09672509501337
12.0, 49.816852910476655, 29.50031855273531
12.0, 49.70404925441732, 28.360028165393857
12.0, 49.40732507110715, 28.137376716445914
12.0, 49.26113574287096, 27.440711932327048
12.0, 49.09406222488675, 25.582939174676767
12.0, 48.947872896650566, 26.047382364089344
12.0, 48.79541831148997, 26.047382364089344
12.0, 48.62207953658135, 28.60181990585849
12.0, 48.438298666798715, 29.762927879389906
12.0, 48.23154518829325, 33.942916584103074
12.0, 48.08117902210746, 38.587348478228776
12.0, 47.82639190718154, 35.33624615234078
12.0, 47.38976720110477, 44.41779827170886
12.0, 47.30361128856369, 49.09101796683123
12.0, 47.12079264487895, 60.54040621988102
12.0, 46.91275763654804, 61.94237212841773
12.0, 46.769864903553064, 61.47505015890549
12.0, 46.03859032881411, 41.38020546987933
12.0, 45.906204414421715, 38.10895168329367
12.0, 45.78012259119086, 35.53868085097638
12.0, 45.382964848013664, 30.164478201585666
12.0, 45.282099389428986, 29.463495247317297
12.0, 45.1812339308443, 28.061529338780588
14.726681716944363, 44.4, 42.15749870516433
14.870517052593664, 44.4, 43.877257801553554
14.971047125896941, 44.4, 45.425040988303834
15.122615544108033, 44.4, 48.00467963288766
15.260264413707905, 44.4, 49.208511000360105
15.823232824206249, 44.4, 55.39964374736127
11.033789026218349, 44.4, 35.28581806657584
11.15664542840765, 44.4, 35.05028343503699
14.0, 45.46104846739986, 36.21956936116263
14.0, 45.60322060955022, 37.97610501864139
14.0, 45.75216285370774, 40.485441672182446
14.0, 45.85371438381513, 44.24944665249404
14.0, 45.939469009239154, 50.77372195170081
14.0, 47.29123271000207, 45.253181313910474
14.0, 47.38375743743326, 44.75131398320225
14.0, 47.50787597423119, 43.99851298713993
14.0, 48.08846773503375, 39.575611699644256
14.0, 48.22710164668961, 39.575611699644256
14.0, 48.70375307328165, 38.5363720836653
14.0, 48.845502353738766, 39.055991891654784
14.0, 49.08694343583605, 37.323925865023185
14.0, 49.22869271629315, 36.63109945437054
14.0, 49.557540223638114, 35.58705851764026
14.0, 49.675734381815374, 34.56029361542652
14.0, 49.937977670271174, 30.863939967457043
14.0, 50.056171828448434, 30.65858698701429
3.763365100796938, 47.2, 30.891318969894314
3.914948504285573, 47.2, 30.57329433911221
4.57562333835868, 47.2, 25.484900246598613
4.672865521728747, 47.2, 26.756998769727005
5.084714768943153, 47.2, 29.937245077548
5.2334381082150205, 47.2, 29.619220446765894
6.1057576943288625, 47.2, 31.20934360067639
6.271641418901331, 47.2, 31.20934360067639
6.589108546962434, 47.2, 30.57329433911221
6.729251693584002, 47.2, 30.57329433911221
7.063879206945706, 47.2, 25.484900246598613
7.13824087658164, 47.2, 24.530826354252298
7.810300719863889, 47.2, 27.3366574817463
7.9908237150857175, 47.2, 27.085741966604473
8.182629397508911, 47.2, 27.587572996888156
8.548188462833114, 47.2, 29.34398160288103
8.805433731024223, 47.2, 31.35130572401576
8.97016096416414, 47.2, 31.602221239157615
16.41787061598952, 45.8, 28.11860559032806
16.59036850574427, 45.8, 26.39448062874419
16.712473753548192, 45.8, 25.53241814795227
18.06047095928215, 45.8, 22.83329296759446
4.0, 43.53814120229091, 24.899452654622493
4.0, 43.66253837066635, 25.193757633607532
4.0, 44.043670120582576, 31.374162192293582
4.0, 44.17203741135297, 29.90263729736833
4.0, 44.30702157278163, 29.019722360413184
4.0, 44.77213898079772, 32.15114974954551
4.0, 44.87885130554112, 30.353290791679953
4.0, 45.02436811200939, 28.195860042241293
4.0, 45.20868940020254, 26.937358771735404
4.0, 45.35258935326561, 27.476716459095073
4.0, 45.48517133249226, 28.01607414645474
4.0, 46.078556532201766, 28.01607414645474
4.0, 46.18850256375557, 28.375645938027844
4.0, 46.46498449604529, 31.791577957972407
4.0, 46.57493052759909, 30.89264847903962
4.0, 46.92485068817876, 28.084574963636314
4.0, 47.20073479231865, 31.449139584784717
10.68038102646129, 45.1, 45.17483607995874
10.786057342195054, 45.1, 44.731414563880136
11.168884750136232, 45.1, 41.1840424352513
11.294499993366934, 45.1, 42.0708854674085
14.261998176244287, 45.1, 49.0785174088015
14.385198329619737, 45.1, 48.37599268997168
14.60474732089137, 45.1, 46.7953120726046
14.718470539391785, 45.1, 46.61968089289715
16.036956048987847, 47.2, 31.090084928851823
17.082469846856252, 47.2, 32.133674067629656
17.424091949570887, 47.2, 27.959317512518297
17.55923915504041, 47.2, 32.133674067629656
17.681247048867064, 47.2, 37.35161976151886
17.818271298857, 47.2, 37.1429019337633
17.953418504326525, 47.2, 37.560337589274425
18.05665595294908, 47.2, 36.30803062274103
19.04636050436134, 47.2, 31.62940302073018
18.907642937003178, 47.2, 31.14230755567641
18.425781913548512, 47.2, 30.005751470550976
18.298745825546828, 47.2, 29.193925695461374
18.199453251016774, 47.2, 29.03156054044345
20.14481653003398, 47.2, 37.203905252251275
20.308750519617824, 47.2, 36.58598566085044
21.898076655922182, 47.2, 32.260548521044484
22.05089647672068, 47.2, 30.71574954254234
9.044464227069488, 49.3, 23.366209580687354
9.172103254457372, 49.3, 22.948773925176212
9.342914305814688, 49.3, 24.409798719465186
9.453659932518882, 49.3, 25.03595220273189
9.530618757855695, 49.3, 25.03595220273189
9.900396528376477, 49.3, 23.366209580687354
9.99612579891739, 49.3, 23.366209580687354
10.448493528336217, 49.3, 24.827234374976328
10.5761325557241, 49.3, 26.07954134150974
10.825779476938639, 49.3, 27.749283963554277
10.930893970081602, 49.3, 27.12313048028757
11.240606315949263, 49.3, 31.088769207643367
11.368245343337147, 49.3, 31.088769207643367
11.480868014561752, 49.3, 30.045180068865534
11.599121819347586, 49.3, 27.749283963554277
11.670449511123168, 49.3, 27.12313048028757
12.258350815538057, 49.3, 29.609218031978003
12.396598575184619, 49.3, 29.329718950293028
13.070242204007862, 49.3, 35.19919966567764
13.195921985504736, 49.3, 34.36070242062269
13.33919693641117, 49.3, 36.03769691073256
13.50760784361698, 49.3, 36.03769691073256
13.638314816373732, 49.3, 36.59669507410254
14.085734838502603, 49.3, 36.59669507410254
14.211414619999475, 49.3, 37.71469140084247
19.0, 47.423813365316526, 31.81885499027453
19.0, 47.722534947187576, 31.406229842655932
19.0, 47.8394260009632, 30.78729212122802
19.0, 48.12887051507428, 26.04210292361404
19.0, 48.22906284688196, 25.629477775995426
19.0, 48.34038766000161, 26.04210292361404
19.0, 48.41460420208137, 25.629477775995426
19.0, 48.51482843912638, 24.750185977285994
4.402867030447354, 47.9, 33.914607218235574
4.530394644407316, 47.9, 33.64190676286185
4.645659987794207, 47.9, 32.278404485993235
4.898262761599518, 47.9, 30.369501298377145
5.015980559101021, 47.9, 31.187602664498343
5.145960627175599, 47.9, 31.460303119872066
5.717382435880818, 47.9, 26.824395378518744
5.8645296827576985, 47.9, 28.18789765538736
6.18580117177222, 47.9, 28.18789765538736
6.342758235107559, 47.9, 28.18789765538736
6.4800956655259805, 47.9, 26.55169492314502
7.041707657772741, 47.9, 21.09768581567053
7.191307358764235, 47.9, 21.643086726417977
7.348264422099575, 47.9, 24.370091280155208
8.09700415481524, 47.9, 22.109878267418168
8.2490912931573, 47.9, 21.92997062708278
8.473986104109922, 47.9, 22.469693548088955
8.823462932640616, 47.9, 24.26876995144282
8.0, 49.027905406990875, 20.980625938405893
8.0, 48.90969847736679, 22.7935929547409
8.0, 48.798285049445234, 24.00223763229758
8.0, 48.548284186791996, 28.836816342524287
8.0, 48.440946859891966, 28.98789692721887
8.0, 48.3281747316299, 23.54899587821383
8.0, 48.211326502346324, 24.15331821699216
8.0, 47.854584498630324, 23.36395061791775
8.0, 47.73333068349265, 23.548646632706877
8.0, 47.570551589198246, 23.91803866228514
8.0, 47.40445047257129, 24.47212670665253
8.0, 47.16858688696102, 28.904831061591636
8.0, 46.97757060284003, 30.75179120948293
8.0, 46.668622525913904, 34.26101549047638
8.0, 46.48591129762426, 36.292671653156816
8.0, 46.26333580134415, 46.45095246655893
8.0, 46.1520480532041, 50.6989608067089
8.0, 46.04076030506404, 50.6989608067089
15.0, 49.99451938115005, 29.87391388917925
15.0, 49.69446017555547, 35.14208147156566
15.0, 49.55232686764225, 35.434757448364905
15.0, 49.307541726236146, 33.97137756436868
15.0, 49.165408418322926, 34.55672951796717
15.0, 48.436317190693984, 36.31278537876264
15.0, 48.26523080153918, 35.72743342516415
15.0, 47.74670743748539, 33.678701587569435
15.0, 47.60983832616155, 32.507997680372455
15.0, 47.44664823189081, 34.849405494766415
15.0, 47.28872233420945, 36.8981373323611
15.0, 46.904034000654235, 35.37604673126697
15.0, 46.720046014940216, 33.074462041585065
15.0, 46.58665472529755, 30.772877351903134
15.0, 46.43946433672634, 30.772877351903134
15.0, 46.3175722961908, 30.772877351903134
15.0, 46.06458881583402, 33.84165693814569
15.0, 45.91049887779853, 33.585925305958824
15.0, 44.6133835785147, 41.00214263937835
15.0, 44.49149153797916, 42.536532432499655
15.0, 44.29140460351516, 47.65116507623726
15.0, 44.155713464051075, 47.39543344405038
17.0, 46.37441057999133, 28.349696344729864
17.0, 46.486874530733594, 28.87075554276916
17.0, 46.59230948455447, 28.87075554276916
17.0, 49.80150228867887, 38.388577749294186
17.0, 49.65030765876754, 35.23631354016133
3.0, 43.53255694389143, 30.742553819838335
3.0, 43.40445324098709, 34.08385203094376
3.0, 43.8583515463395, 26.34610880522594
3.0, 43.95482470531684, 27.928829010486396
3.0, 44.199961420751066, 29.159833614577863
3.0, 44.31066832449555, 28.808118013408873
3.0, 45.137807048186524, 26.69782440639493
3.0, 45.28172602305436, 27.40125560873291
3.0, 45.416155834744096, 27.04954000756392
3.0, 46.19743026974092, 36.897576840295685
3.0, 46.289158847129215, 37.07343464088018
3.0, 46.39195811489195, 37.42515024204917
9.330208419580439, 48.6, 25.131495124452158
9.446687082371401, 48.6, 26.722071520116742
9.698035775762424, 48.6, 23.540918728787574
9.796123070744287, 48.6, 24.67704472569085
10.192559221295983, 48.6, 26.267621121355432
10.374429414074854, 48.6, 28.312647915781326
10.72590888775986, 48.6, 26.722071520116742
10.899605139290244, 48.6, 24.904269925071503
11.267432495472228, 48.6, 26.722071520116742
11.426824349817757, 48.6, 26.267621121355432
11.600520601348137, 48.6, 25.813170722594123
11.909086883478581, 48.6, 27.630972317639362
12.058060491395791, 48.6, 29.421079140020026
12.351859059525268, 48.6, 29.9747894829257
12.483819433346133, 48.6, 29.9747894829257
12.84733291594701, 48.6, 34.404472226170896
13.016640565377555, 48.6, 34.404472226170896
13.190927851556058, 48.6, 34.12761705471809
13.387623503100368, 48.6, 34.404472226170896
13.537012605539083, 48.6, 34.12761705471809
14.149507925537822, 48.6, 38.55729979796328
9.238472369340275, 50.0, 23.768824230839925
10.058473840142565, 50.0, 26.463799700621905
10.181676031568523, 50.0, 26.239218411473416
11.413697945828119, 50.0, 32.752075796779906
11.528821305029426, 50.0, 32.5274945076314
11.692417657578652, 50.0, 32.976657085928395
11.990496155525001, 50.0, 30.06665806615416
12.095951682453432, 50.0, 29.521257155406715
12.191597392923404, 50.0, 28.97585624465924
12.319125006883366, 50.0, 30.339358521527885
12.419675625582569, 50.0, 31.430160343022777
12.534940968969458, 50.0, 31.430160343022777
13.030336700121623, 50.0, 28.97585624465924
13.177483946998503, 50.0, 28.97585624465924
13.309916469187694, 50.0, 28.97585624465924
13.452158807835346, 50.0, 31.430160343022777
13.525732431273784, 50.0, 33.33906353063884
13.741548393359876, 50.0, 29.521257155406715
13.878885823778297, 50.0, 31.157459887649054
14.317875110294324, 50.0, 33.61176398601256
14.425783091337369, 50.0, 32.52096216451767
14.509166531234268, 50.0, 31.975561253770223
14.813016794822726, 50.0, 33.19353294256108
15.502277193447098, 50.0, 31.872114675939756
15.664193968123946, 50.0, 35.01048305916538
15.818683367815616, 50.0, 38.47920600904635
17.539329439600795, 48.6, 27.316151475333882
17.676392412550435, 48.6, 27.15049161421628
17.795577606419684, 48.6, 26.98483175309866
18.227096420135325, 48.6, 21.951150474155696
18.387042093323842, 48.6, 23.2685687998825
18.54994972342326, 48.6, 23.762600672030047
19.09346881657313, 48.6, 24.915341707040994
19.254895468217097, 48.6, 29.196951265653084
19.605887362158565, 48.6, 28.373564812073838
19.802857496733314, 48.6, 29.526305847084785
20.177270855296555, 48.6, 26.553994574996267
20.411748566559506, 48.6, 24.994087538024687
20.554038459719074, 48.6, 26.331150712571755
21.301561419557373, 48.6, 27.668213887118824
21.455875810730426, 48.6, 28.33674547439236
9.433075145046246, 47.2, 32.4693284587683
9.300760974770212, 47.2, 33.906772687411696
10.158724902352226, 47.2, 38.10020416884818
10.292257971817229, 47.2, 38.650137497136456
10.430736710521677, 47.2, 37.9627208367761
13.200924469524438, 47.2, 39.33640374485047
13.34499086337922, 47.2, 41.09196013900154
13.504845355190689, 47.2, 43.0669610824215
13.656805798023814, 47.2, 44.603072927303685
13.842315949014903, 47.2, 45.26140657511033
14.493574989728296, 47.2, 40.433626491194886
14.976318177485407, 47.2, 36.391611893182315
15.931979888452783, 47.2, 29.947859223225016
16.01607622150511, 49.3, 35.18737439762937
16.172064531497668, 49.3, 34.125428967811146
16.4044552790376, 49.3, 35.54135620756878
17.614160540204374, 49.3, 36.95728344732643
18.82701599823742, 49.3, 37.42242732987245
19.315869587250045, 49.3, 37.661890056613345
19.442928449592532, 49.3, 40.05651732402252
19.815490876461183, 49.3, 35.027800062463285
19.985620539597736, 49.3, 36.7040391496497
20.226817024044493, 49.3, 31.914784614831376
20.431403327816295, 49.3, 34.548874608981436
22.26837782023928, 49.3, 27.6994210340213
22.12170288662154, 49.3, 29.204914124872346
9.0, 49.78484093471472, 26.445076238924372
9.0, 49.534252232314586, 21.841427062877244
9.0, 49.220471596265725, 24.264400313428354
9.0, 48.778128060724626, 22.326021712987455
9.0, 48.39461839444268, 24.991292288593712
9.0, 48.128776466679064, 26.202778913869253
9.0, 47.87165066769458, 24.264400313428354
9.0, 47.75180389698147, 26.202778913869253
9.0, 47.625420029684015, 28.14115751431015
9.0, 47.4794248726335, 28.86804948947548
9.0, 47.32035552241429, 29.1103468145306
9.0, 49.36210868892667, 23.052913688152813
9.0, 47.18704387856627, 31.486528056582827
9.0, 47.0725950668149, 34.33316177846794
9.0, 46.958146255063525, 35.00295794832326
9.0, 46.809061618703176, 35.337856033250915
9.0, 46.60727029272049, 46.724390920791365
5.466711905446157, 48.6, 31.918727378051344
6.0549136633566345, 48.6, 30.138998090349133
6.188959642200179, 48.6, 30.806396573237464
6.579093461222434, 48.6, 27.691870319758607
7.297339825473664, 48.6, 27.46940415879584
7.411378941803245, 48.6, 25.467208710130848
7.523417371881432, 48.6, 25.022276388205313
7.7915998651806255, 48.6, 26.16972791378592
7.936479995222348, 48.6, 25.24916017480058
8.526349096106507, 48.6, 21.106605349366532
8.869921975919738, 48.6, 21.106605349366532
23.0, 49.05368477297974, 48.116702761074066
23.0, 49.61341557754875, 32.75553214926322
23.0, 49.97069055918854, 22.161621382497145
23.0, 50.297001709086224, 22.691316920835447
16.10893184082585, 46.5, 27.440325928015966
16.26039635803469, 46.5, 28.23289467532375
16.632820876818784, 46.5, 28.431036862150705
16.7646841035653, 46.5, 28.431036862150705
17.17987507426718, 46.5, 27.638468114842908
17.322429913993147, 46.5, 29.025463422631546
17.577246690003317, 46.5, 29.81803216993933
17.65208798085945, 46.5, 29.81803216993933
19.360318743370122, 46.5, 25.72703577956699
19.536243263458935, 46.5, 25.49135006744345
22.0, 47.25080290099736, 31.05910765621121
22.0, 47.38963529875413, 31.05910765621121
9.062297169038638, 47.9, 26.246908413234394
9.22738605391191, 47.9, 26.053676345410025
9.467199381412032, 47.9, 26.246908413234394
9.684421598350546, 47.9, 26.633372548883145
10.129292698640626, 47.9, 30.88447804101935
10.475110468006744, 47.9, 34.362655261858066
10.685381574003227, 47.9, 29.531853566248742
10.859159347554039, 47.9, 32.23710251578997
11.229306005217268, 47.9, 33.78295905838495
11.378754890470967, 47.9, 34.942351465331186
11.736925366105778, 47.9, 36.52179902832968
11.929610613677905, 47.9, 37.17768541514411
12.358236980726108, 47.9, 36.30317023272487
12.739675123879096, 47.9, 38.27082939316816
12.922529491473053, 47.9, 40.01985975800663
13.32952792256928, 47.9, 35.86591264151525
14.18362737500323, 47.9, 40.84407172139228
15.015249414079909, 47.9, 31.64794614481582
15.127817038153825, 47.9, 32.66973787554656
3.498710430719819, 45.1, 27.908202608982805
3.633860353590025, 45.1, 28.06154940244781
3.9601536386368563, 45.1, 26.332730311422807
4.092620128334561, 45.1, 27.520601408583957
4.374645558013546, 45.1, 28.946046725177382
4.5092486039966975, 45.1, 28.470898286312917
4.844687940811854, 45.1, 31.08421470006749
4.981427543080453, 45.1, 30.846640480635244
5.101074695065476, 45.1, 30.37149204177078
5.242087409904969, 45.1, 31.08421470006749
5.500610720444038, 45.1, 31.08421470006749
6.149757773603872, 45.1, 38.412288252368015
6.279748031931003, 45.1, 40.24451804325159
6.417061685093466, 45.1, 42.891072185638976
6.653241168532902, 45.1, 52.66296440368468
6.799709065239529, 45.1, 54.90235637032016
6.904067441643, 45.1, 57.7524916005835
7.023072607717134, 45.1, 56.93816724907968
7.158555412170765, 45.1, 54.291613106692296
7.266575485991902, 45.1, 55.513099633948016
7.367272164977709, 45.1, 55.92026180969992
16.308101006340053, 44.4, 60.75433206775304
16.009953339338306, 50.0, 32.53592640099215
16.123317703578806, 50.0, 32.36558123658906
16.267321085181603, 50.0, 32.195236072185956
16.643415023303803, 50.0, 36.36869260006191
16.736098050824754, 50.0, 35.77248452465106
16.850994365933367, 50.0, 35.85765710685261
17.540375860476242, 50.0, 32.39124261433673
17.665111345236465, 50.0, 32.16386633437139
18.23357798070108, 50.0, 33.073371454232785
20.29977361285063, 50.0, 34.194508056931696
20.420157859770377, 50.0, 34.41395260620058
20.536595082200954, 50.0, 37.26673174669607
5.0, 43.3346649566973, 28.794655413190952
5.0, 43.463556705799135, 28.557761056389836
5.0, 44.13890686225005, 28.557761056389836
5.0, 44.24542896894578, 27.610183629185414
5.0, 44.36686417057891, 26.781053380381536
5.0, 44.783628467467416, 30.89471828304991
5.0, 44.87374766430238, 30.89471828304991
5.0, 46.177332325496465, 30.661676481158537
5.0, 46.37643287664347, 27.865174858461785
5.0, 46.64050308132266, 25.301715037656408
5.0, 46.90038169545139, 29.263425669810147
5.0, 47.19288773062781, 28.221607400837186
5.0, 47.616462561780786, 29.09787479206578
5.0, 47.92971092528462, 32.82201120478729
5.0, 48.06761900984605, 31.507610117944395
5.0, 47.40369008845743, 27.12627316180145
16.0, 45.73748553966203, 33.971781152569065
16.0, 45.85883821579292, 28.335129717425588
16.0, 46.00323253929044, 27.13947638269819
16.0, 46.12612132524576, 27.31028400194495
16.0, 46.30738228452987, 29.01836019441268
16.0, 46.404157203469694, 29.01836019441268
16.0, 46.531654318898354, 29.359975432906225
16.0, 46.66375976380033, 29.359975432906225
16.0, 46.769751341686806, 30.043205909893317
16.0, 46.91875399465764, 33.117743056335215
16.0, 47.03242612166632, 33.117743056335215
16.0, 47.29970923111916, 29.70159067139977
16.0, 47.394948040234546, 30.555628767633635
16.0, 49.40577183567738, 33.82457617622103
16.0, 49.78135931758383, 33.380284447506114
16.0, 49.935190360705086, 36.26818068415308
16.0, 50.28312973417178, 31.829287540292697
16.0, 50.44278159794801, 33.24948572279395
16.0, 50.57369612624453, 34.49215913248254
7.0, 48.97930672726583, 30.442834054025695
7.0, 48.81672464452079, 27.818564297880755
7.0, 48.38404652108642, 20.52892608636705
7.0, 47.938256939366156, 23.44478137097255
7.0, 47.80976464816443, 22.86161031405146
7.0, 47.68127235696271, 23.73636689943308
7.0, 47.594736732275834, 24.319537956354196
7.0, 47.35086360815828, 25.485880070196373
7.0, 47.193526108727596, 27.818564297880755
7.0, 47.13583569226968, 28.693320883262402
7.0, 46.354392778430636, 28.98490641172296
7.0, 45.84158615984713, 40.83884236764746
7.0, 45.694320026690455, 44.365818617342526
7.0, 45.354475104021205, 45.62545299223362
7.0, 45.20947460368233, 46.38123361716828
7.0, 45.08939606433919, 49.15242924192869
7.0, 44.86283278255969, 54.442893616471295
7.0, 44.71783228222081, 54.442893616471295
7.0, 44.581894313153114, 54.69482049144952
7.0, 44.47540957071675, 54.442893616471295
9.610276948775407, 45.8, 32.39784395580682
9.715328262352537, 45.8, 33.16382252020837
9.810046659840115, 45.8, 33.929801084609906
10.395578571581495, 45.8, 36.41923141891492
10.521295717337733, 45.8, 36.99371534221608
10.645290710412379, 45.8, 38.142683188818395
12.736246347796207, 45.8, 45.682134467246186
12.611782603104086, 45.8, 44.78924821170119
12.13801738137279, 45.8, 35.86038565625125
11.991471359396584, 45.8, 35.413942528478756
11.854962736185872, 45.8, 35.413942528478756
11.744551349765441, 45.8, 32.065619070185036
13.48285576633323, 45.8, 41.11424408520344
13.639670166132815, 45.8, 41.32689000816107
13.785010341556823, 45.8, 42.815411468864454
13.926525775522302, 45.8, 41.11424408520344
14.035530907090306, 45.8, 40.26366039337293
14.159835004492418, 45.8, 40.47630631633055
14.766056525668866, 45.8, 34.734866396474615
14.86932454504908, 45.8, 33.45899085872885
14.989803900992666, 45.8, 32.39576124394071
15.395035305352538, 45.8, 29.652154035248188
15.522477472890602, 45.8, 27.627736539416972
15.648705905499732, 45.8, 26.95293070747323
15.814987590763682, 45.8, 28.977348203304444
15.956994577448953, 45.8, 31.001765699135674
20.0, 48.73977680084976, 27.992244461769644
20.0, 48.887497923995156, 27.19098400069629
20.0, 49.244190392077925, 24.386572386939605
20.0, 49.54323559259176, 32.79980722820969
20.0, 49.77742761709055, 34.00169791981969
20.0, 49.93235464868206, 32.79980722820969
20.0, 50.14853190206556, 35.203588611429694
20.0, 50.29265007098789, 34.802958380893045
20.0, 49.67294194462186, 34.40232815035637
3.3031993020471226, 46.5, 34.02672103985361
3.4557134152690043, 46.5, 32.330841476656914
3.7759930530349566, 46.5, 29.95661008818152
3.8980043436124623, 46.5, 29.617434175542172
4.029166480983281, 46.5, 29.95661008818152
4.50653565536777, 46.5, 27.92155461234546
4.630072087077496, 46.5, 27.7519666560258
5.183698318072926, 46.5, 25.71691118018974
5.278685335894328, 46.5, 25.805574654820035
5.411124651585222, 46.5, 26.436713797381657
5.872770266279199, 46.5, 26.857473225756067
6.147108848781766, 46.5, 30.85468779531304
6.268196223127727, 46.5, 30.85468779531304
6.860389163288443, 46.5, 28.330131225066538
6.962556635392847, 46.5, 29.171650081815372
7.551529433321411, 46.5, 34.520604703333746
7.701700804183359, 46.5, 35.58645329272355
8.104287883515386, 46.5, 34.875887566463675
10.0, 50.92182613517994, 27.539891030802806
10.0, 50.8391782487267, 26.786610238057207
10.0, 50.728077811199384, 26.033329445311622
10.0, 46.771421037935596, 50.40731082061549
10.0, 46.87215273414793, 46.88704255540884
10.0, 46.993030769602726, 43.36677429020219
10.0, 47.122542950447155, 42.40670112696401
10.0, 47.28371366438688, 36.966286535281
10.0, 47.43049413601056, 35.3661645965507
10.0, 47.94854285938826, 29.285701229375576
10.0, 48.072298943306265, 27.68557929064528
10.0, 48.27951843265735, 26.40548173966104
10.0, 48.42054280735461, 26.085457351914982
10.0, 48.62200619977927, 25.125384188676804
10.0, 48.780298865255794, 24.485335413184686
10.0, 48.95585982151157, 22.88521347445439
10.0, 49.30698173402312, 22.56518908670833
10.0, 49.73868900350453, 26.085457351914982
10.0, 49.8797133782018, 26.085457351914982
10.0, 46.09145901627356, 42.04658436937686
10.0, 45.9766865858794, 40.14179153676538
10.0, 45.738576618345235, 34.808371605453246
10.0, 45.64607346549023, 35.18933017197554
10.0, 45.55357031263524, 35.18933017197554
15.929949363558958, 44.4, 56.4314992051948
15.653105007846857, 44.4, 54.19581237988882
11.400240018955401, 44.4, 33.87261027734269
11.609943188209552, 44.4, 35.75688732965355
11.2858564720895, 44.4, 35.05028343503699
9.116805509299088, 44.4, 31.98833322503185
9.26508047745859, 44.4, 35.05028343503699
9.544684703130791, 44.4, 36.69902585580897
9.961972827808243, 44.4, 27.748709857332415
10.095420299151794, 44.4, 30.339590804259842
10.188621707709194, 44.4, 31.75279859349297
10.379260952485694, 44.4, 30.575125435798697
10.523299492983496, 44.4, 33.87261027734269
10.660983391988747, 44.4, 38.81883753965869
10.290295971589995, 44.4, 31.75279859349297
15.414265406796591, 46.5, 28.41721017239169
14.007876788344898, 46.5, 33.909414065158956
12.33355166335459, 46.5, 43.90529824072874
12.196246162394171, 46.5, 44.50403059787337
12.005095366939468, 46.5, 46.300227669307276
11.892020248501476, 46.5, 46.59959384787959
11.714330776670344, 46.5, 51.090086526464376
11.428950715850648, 46.5, 48.99452327645815
9.143217964568368, 46.5, 40.01353791928858
9.256293083006362, 46.5, 44.50403059787337
9.660132791713478, 46.5, 48.3957909193135
9.773207910151472, 46.5, 48.99452327645815
10.168970824684445, 46.5, 54.98184684790451
10.524349768346708, 46.5, 51.090086526464376
10.634732622059987, 46.5, 51.38945270503669
10.731654152149694, 46.5, 51.38945270503669
2.4605380535509704, 43.7, 32.62312549613138
2.9322788117749115, 43.7, 29.81302662081211
3.478150260576901, 43.7, 33.934504971280376
3.6685313522887055, 43.7, 33.18514527119524
3.8353254060893134, 43.7, 32.81046542115267
4.317174894846625, 43.7, 25.31686842030129
4.981677174587674, 43.7, 27.030787445351095
5.419413060039583, 43.7, 29.472627395477318
5.908388932082851, 43.7, 30.286574045519387
7.405899092269734, 43.7, 25.244523995700902
7.231469142555477, 43.7, 29.994497578498624
7.078397962193988, 43.7, 34.54655559534646
6.960924730753775, 43.7, 38.50486691434456
6.775815396363137, 43.7, 46.8173206842406
6.630629189389367, 43.7, 50.1903326327851
6.4501489338675695, 43.7, 48.51795856832365
6.0390550185123635, 43.7, 35.696424074119136
18.12964669394144, 46.5, 33.38459153282439
18.352388631013262, 46.5, 36.15858214840165
17.45785701173282, 46.5, 30.214316543593227
16.891201523822097, 46.5, 29.025463422631546
16.443935714181876, 46.5, 30.80874310407407
18.263291856184534, 46.5, 34.77158684061301
19.042382863691547, 46.5, 25.96272149169056
18.85798005347797, 46.5, 28.55526432504962
16.04574033696804, 45.8, 29.842730551911913
16.272507225746754, 45.8, 27.687574349932092
16.855898965254386, 45.8, 26.60999624894218
18.192503463005092, 45.8, 23.219644140388397
16.44770203152576, 44.4, 58.67198836890759
16.24586301984246, 43.0, 48.27581650688594
16.404317370953038, 43.0, 42.49169632185379
16.572375016070318, 43.0, 42.936628643779336
5.0, 43.86407982697507, 30.09757437559705
5.0, 45.200691727238514, 31.360801886832718
5.0, 45.34111001067903, 30.19559287737573
5.0, 45.48781567994525, 27.39909125467898
5.0, 45.58841385315637, 27.39909125467898
5.0, 45.83990928618417, 36.02163792466064
5.0, 45.95098643577145, 32.526010896289705
5.0, 48.323511144410666, 31.19562813969867
5.0, 48.4839464806177, 32.68226109309337
5.0, 48.63268340689298, 32.86809021226772
19.0, 46.09162643498477, 18.408537692669796
19.0, 46.1732646312725, 19.852725709334933
19.0, 46.66680463610294, 26.86735321885125
19.0, 46.75957531370264, 27.898916087897774
19.0, 47.55369231395611, 31.406229842655932
19.0, 48.78527869636332, 29.046285479352278
19.0, 49.20149110522797, 41.34875223526939
19.0, 49.40696305390799, 36.07626648273349
19.0, 49.65282692412339, 30.41322623000974
19.0, 50.146310835055736, 33.14710773132465
9.500059177153501, 45.8, 32.39784395580682
9.920264431462021, 45.8, 34.69577964901144
10.059758798670996, 45.8, 35.46175821341299
10.221641150740673, 45.8, 36.03624213671415
10.802006604437278, 45.8, 36.41923141891492
12.475273979893373, 45.8, 41.44092475340746
12.296608281867588, 45.8, 40.99448162563496
11.604027767048532, 45.8, 36.08360722013751
13.148190888712163, 45.8, 43.02805739182209
13.316479512887328, 45.8, 41.752181854076326
14.31473703356274, 45.8, 40.47630631633055
14.467726691903799, 45.8, 39.41307670154242
14.624541091703385, 45.8, 37.92455524083903
15.095242777905854, 45.8, 32.2164161966344
15.254242053596201, 45.8, 31.40664919830192
11.496039879915072, 45.8, 37.554395780562615
7.682615549429488, 49.3, 26.37833661148808
8.733737251040683, 49.3, 18.062208503100194
16.0, 45.60998842423338, 37.38793353750451
16.0, 47.17067600586607, 31.06805162537394
16.0, 47.51384978586137, 34.71315963365086
16.0, 47.611742267847625, 38.04534759901276
16.0, 47.75158867068514, 42.93255661487686
16.0, 48.28700061297731, 36.26818068415308
16.0, 48.680568346677155, 28.493075431641998
16.0, 48.800436691966446, 28.048783702927082
16.0, 48.95826334659735, 30.270242346501675
16.0, 49.10610097245414, 34.4910137692934
16.0, 49.303883742181476, 34.4910137692934
16.0, 49.535629209740776, 33.60243031186357
16.0, 49.65349974927525, 32.935992718791184
16.0, 50.113898758568965, 34.31463435966988
16.0, 50.68066287497461, 35.02473345092051
11.0, 43.34084981846608, 22.045902173769107
11.0, 43.500613870038485, 21.399903919404352
11.0, 43.69814033380073, 20.753905665039582
11.0, 43.89566679756297, 22.2074017373603
11.0, 44.04090684444697, 30.605379044102165
11.0, 44.123693671170855, 33.99686987951715
11.0, 44.21809970164546, 36.09636420620261
11.0, 44.674153448861226, 44.17134238576209
11.0, 44.77001187980467, 44.49434151294447
11.0, 44.87603711402999, 45.14033976730923
11.0, 45.231502374975534, 40.19491630249712
11.0, 45.31985026445711, 40.69870281993843
11.0, 45.578097941403264, 50.77443316876489
11.0, 45.682303144381535, 51.02632642748554
11.0, 45.77065103386312, 51.02632642748554
11.0, 46.36190229423984, 46.24035451179299
11.0, 46.44798485322189, 46.24035451179299
11.0, 46.55219005620017, 49.011180357720264
11.0, 46.633741954183165, 51.02632642748554
11.0, 46.724355174164266, 53.29336575597149
11.0, 46.846683021138766, 55.56040508445744
11.0, 47.35718421954845, 42.53493584980241
11.0, 47.474623167988604, 42.06855673348038
11.0, 49.25508151130447, 26.911235453014484
11.0, 48.65530402462798, 26.44485633669248
11.0, 48.31556992378326, 28.776751918302608
11.0, 47.89614510792558, 32.74097440703983
11.0, 49.831313242097416, 31.849905754656973
11.0, 50.00002642787176, 31.238164983478228
11.0, 50.80874941620314, 28.179461127584474
10.0, 51.02208750563142, 28.293171823548406
10.0, 46.679323487112896, 52.32745714709185
10.0, 47.60893314072955, 33.12599388232829
10.0, 47.761469709279645, 31.205847555851932
10.0, 49.15444516547302, 23.20523786220045
10.0, 46.38781170967939, 46.046649317860954
10.0, 46.23877885230189, 44.14185648524948
10.0, 45.86020113413606, 38.046519420892764
10.0, 43.276042380552546, 21.89147993733168
10.0, 43.89369229235043, 27.174521216899677
10.0, 44.04029930438158, 27.476409290017855
10.0, 44.18283389941186, 27.023577180340595
20.0, 47.190506484934694, 38.00800022518641
20.0, 47.32741874541091, 35.60421884196637
20.0, 47.52558122767912, 31.998546767136332
20.0, 48.22095139272937, 25.58846307854961
20.0, 48.40470205810534, 28.79350492284297
20.0, 48.57764386081214, 27.992244461769644
20.0, 47.784993931739315, 31.998546767136332
20.0, 47.93992096333082, 29.594765383916325
20.0, 49.39191151522331, 30.79665607552633
20.0, 50.03684032115075, 34.00169791981969
9.0, 49.00474740898213, 24.991292288593712
9.0, 48.25516033397652, 25.96048158881416
9.0, 49.67371029278075, 24.264400313428354
9.0, 46.69611871236958, 40.36132730716582
9.0, 46.51691596765362, 49.57102464267648
9.0, 46.39343172339555, 52.25020932209776
9.0, 46.2774770062264, 53.589801661808394
9.0, 45.870099893207716, 50.82419712176802
9.0, 45.765817021755176, 51.26177169691705
9.0, 45.51789925188687, 45.354514932405095
9.0, 45.18930982674395, 51.91813355964061
9.0, 45.09289736068405, 51.26177169691705
9.0, 45.01025810406128, 49.73026068389544
9.0, 44.45342692253167, 59.57568862474871
9.0, 43.30074095537025, 35.17704115350141
9.0, 43.37854664394432, 35.247379347269884
9.0, 43.48987836092834, 35.388055734806834
10.73507603895726, 50.0, 31.1800067727404
10.88251472705718, 50.0, 31.629169351037405
10.577538810576524, 50.0, 31.853750640185908
11.231924220773426, 50.0, 28.48503130295842
9.361674560766234, 50.0, 24.891730676582426
9.06881689262256, 50.0, 26.463799700621905
11.870325903908881, 50.0, 32.52096216451767
14.04810515768671, 50.0, 32.79366261989139
14.229586762168196, 50.0, 34.15716489676001
14.631789236965002, 50.0, 31.157459887649054
14.988302844472889, 50.0, 30.7158736926461
15.124966544200136, 50.0, 30.38551912599077
15.939006842575473, 50.0, 40.29615612565067
7.0, 48.18213006348371, 21.403682671748697
7.0, 48.599074436975016, 22.278439257130344
7.0, 46.97587590118182, 29.27649194018349
7.0, 46.80542694346526, 29.85966299710458
7.0, 46.68217923557789, 29.85966299710458
7.0, 46.22674373887228, 35.80030486808306
7.0, 46.09307140262238, 38.823427367821694
7.0, 45.95486780073688, 40.58691549266922
7.0, 44.39611242209393, 42.854257367473195
7.0, 44.27376824993299, 42.602330492494985
7.0, 44.137830280865295, 33.532962993279085
7.0, 44.02454863997555, 33.78488986825732
7.0, 43.84329801455195, 26.73093736886716
7.0, 43.480796763704745, 16.65386236973839
3.6173783752841997, 46.5, 30.974137826099536
4.797837611621565, 46.5, 27.7519666560258
5.040335051644358, 46.5, 27.412790743386452
5.763034833278171, 46.5, 27.27823265413049
6.0146695330908715, 46.5, 28.330131225066538
6.42333942150849, 46.5, 28.750890653440948
6.5652386883201626, 46.5, 28.119751510879325
7.0949959510837415, 46.5, 31.696206652061875
6.710842636287944, 46.5, 26.777095730324675
7.887018666098101, 46.5, 35.764094724288526
8.335824114071265, 46.5, 41.7383819481181
8.850123234638904, 46.5, 44.77711997694388
2.0348595743624456, 43.0, 32.65074648866579
2.1515447596051644, 43.0, 29.509478971695998
2.99904768399965, 43.0, 21.588021754989555
3.126787255212732, 43.0, 20.90513751217003
5.4527877464876635, 43.0, 22.812660204610438
5.578970247110524, 43.0, 25.087933810110883
6.511697650363296, 43.0, 23.19187247219385
15.57563953898259, 43.7, 58.59661984145301
15.694600105388265, 43.7, 59.989021047250304
15.825188396329835, 43.7, 61.38142225304759
15.919104632965894, 43.7, 62.8732806878304
9.139513468089977, 43.7, 35.47030432870855
9.234635399578684, 43.7, 34.188234486990325
9.0386265710565, 43.7, 34.82926940784944
10.707584096267448, 43.7, 21.367536069807898
10.857473200431471, 43.7, 19.764948767660087
10.990067407961183, 43.7, 20.085466228089672
11.11977913271851, 43.7, 21.688053530237454
11.704923135512676, 43.7, 23.931675753244377
12.929978313776324, 43.7, 23.290640832385265
12.785854175157072, 43.7, 29.059955120117365
12.638847553765434, 43.7, 34.82926940784944
12.356400357118225, 43.7, 52.2043259924436
12.231671665859706, 43.7, 54.51585893827074
12.102785351559236, 43.7, 55.44047211660158
11.99468715246852, 43.7, 54.97816552743616
9.070685784940927, 48.6, 20.58699113683906
9.199425359604621, 48.6, 22.4047927318843
9.552948318601752, 48.6, 24.904269925071503
11.770129882254276, 48.6, 25.813170722594123
12.197490320338593, 48.6, 30.528499825831346
12.655616901150658, 48.6, 31.082210168736992
13.73868789383135, 48.6, 37.72673428360483
13.940363182123619, 48.6, 39.94157565522741
14.356544959325845, 48.6, 40.584585536692884
14.53002298115639, 48.6, 40.816993680209634
14.780834578983686, 48.6, 41.74662625427666
14.920871054437258, 48.6, 42.90866697186044
15.259466711504107, 48.6, 48.95127870329607
15.37233193052639, 48.6, 48.486462416262555
15.562530725545422, 48.6, 42.44385068482693
15.685846427810507, 48.6, 43.838299545927455
15.82797299991264, 48.6, 44.07070768944422
12.0, 50.12860119631337, 30.64060894007679
12.0, 47.700769031740876, 37.875290698537555
12.0, 47.56418038990745, 41.146544485123215
12.0, 46.63537762544016, 54.93254258573418
12.0, 46.477775346401586, 51.89494978390465
12.0, 46.284449884114274, 46.28708614975781
12.0, 46.14996260600137, 43.716815317440506
12.0, 44.844237073498945, 24.4811143203447
12.0, 44.94884787850951, 23.678894265904802
12.0, 43.3580421885212, 66.59766717843925
12.0, 43.53119110715939, 60.98212679735998
12.0, 43.6754818726912, 54.16325633462087
12.0, 43.80714719623899, 50.352711076031355
12.0, 44.0001360951378, 53.36103628018097
2.2273847585296425, 45.8, 28.465551793776854
2.821435721406001, 45.8, 36.0800132623839
3.2203229673719704, 45.8, 26.75229796334027
3.4154866842823592, 45.8, 26.75229796334027
3.8862763522679455, 45.8, 31.70169791793485
4.016385496874872, 45.8, 31.32097484450449
4.882704251022211, 45.8, 36.566733153914385
5.007558622062227, 45.8, 33.60290978366838
5.1127729796802175, 45.8, 35.16281682063996
5.198347323876184, 45.8, 35.942770339125744
5.6136657683716615, 45.8, 28.232965433842296
5.791747225251029, 45.8, 29.001965609937727
5.964641843580512, 45.8, 35.34621706272506
6.140994354276585, 45.8, 38.229967723082936
6.296599510773119, 45.8, 38.42221776710679
6.434915205436706, 45.8, 42.459468691607825
6.55421249208405, 45.8, 42.459468691607825
7.155885763870651, 45.8, 45.3432193519657
7.333967220750018, 45.8, 48.99597018841901
7.497185799201268, 45.8, 49.58669063948116
7.651837596561792, 45.8, 49.96463559031528
7.835380389033624, 45.8, 50.9094979674006
8.000229008198136, 45.8, 51.09847044281766
8.491375925090352, 45.8, 46.56313103280816
8.610338846136909, 45.8, 48.83080073781291
8.741198059288122, 45.8, 52.42127777073709
8.87375674274, 45.8, 53.17716767240533
8.325322020002417, 50.0, 38.97059971781053
4.167431435444345, 47.9, 32.55110494136696
4.2925065952896935, 47.9, 33.914607218235574
5.577592551347781, 47.9, 27.36979628926619
6.00186711317612, 47.9, 29.00599902150853
7.571170963738963, 47.9, 26.247753995132072
7.7572350159659536, 47.9, 21.210340065741235
8.640634776974096, 47.9, 23.369231749765888
6.0, 48.925139453769006, 36.70281583695419
6.0, 48.816810275620405, 37.411383779171786
6.0, 46.30055988372587, 29.285313286167536
6.0, 43.08791546395889, 20.786885418407977
6.0, 43.44989157712449, 27.219519013241637
6.0, 43.588731730119505, 26.85193995067972
6.0, 46.110915656101646, 24.546454263146572
6.0, 45.961791500229324, 28.231309723847474
6.0, 45.797939032665916, 29.869023261936775
6.0, 45.64329175990944, 31.097308415503747
6.0, 45.03022578576769, 20.247456225662162
6.0, 43.47858121416446, 26.65351203086344
6.0, 43.75568678991046, 22.677675364040766
6.0, 47.37383906602543, 30.554650554920343
6.0, 48.82539298780241, 39.86650239257105
6.0, 48.927081518036786, 38.75794860237454
6.0, 46.30989878519932, 29.564103609226066
6.0, 46.13400383992763, 23.095033337728964
6.0, 45.99066774750587, 26.977426662918035
6.0, 45.79587767318912, 29.83813753410999
6.0, 45.63784044308308, 30.246810515708844
6.0, 45.490829066240245, 31.472829460505395
6.0, 45.34933061602902, 38.011597166087
6.0, 45.20966980802834, 40.872308037278955
6.0, 45.09573599097514, 44.14169189006975
6.0, 44.95239989855338, 51.29346906804963
6.0, 44.838466081500194, 53.33683397604389
6.0, 44.72960113351004, 48.17491879053143
3.5727616201793033, 44.4, 31.97846810289184
3.718718645557899, 44.4, 30.456935534432674
3.2291544562671906, 44.4, 27.582929571787602
2.9600461907254036, 44.4, 29.780698837339713
2.4385539021331275, 44.4, 31.809408928618595
2.6392448120286973, 44.4, 27.921047920334075
4.574622728109857, 44.4, 29.59518220561941
4.409540636738287, 44.4, 31.408149221954417
5.320549215048058, 44.4, 33.44773711533131
5.481555205398108, 44.4, 30.95490746787067
5.646637296769677, 44.4, 28.688698697451883
7.184200327064682, 44.4, 34.03572412257981
6.29459828367984, 44.4, 37.6407273337021
8.267385744739197, 44.4, 22.80705972067591
8.41198776333161, 44.4, 22.62639667741705
8.590845297973338, 44.4, 22.874889579914566
8.119591297444199, 44.4, 25.662179687350374
17.0, 44.90535022342049, 28.0891667457102
17.0, 45.00375618031997, 28.0891667457102
17.0, 45.46064098021042, 26.78651875061192
17.0, 45.5637329350575, 26.00492995355296
17.0, 45.666824889904575, 25.744400354533298
17.0, 46.097936701083256, 27.307577948651243
17.0, 46.24554563643248, 27.307577948651243
17.0, 46.71648843016572, 29.391814740808485
17.0, 46.87346936141013, 30.694462735906768
17.0, 47.021078296759356, 35.38399551826055
17.0, 47.152286239291996, 37.72876190943745
17.0, 47.28689151986355, 33.13951799994602
17.0, 47.38219073779225, 31.765860095722672
17.0, 47.625733183610045, 30.195965348038854
17.0, 50.17633897533405, 38.73882932808672
17.0, 50.0393188419769, 38.73882932808672
17.0, 49.903873652681334, 38.388577749294186
17.0, 49.054978803491665, 35.93681669774641
17.0, 49.166799831863585, 35.93681669774641
17.0, 49.53376179821088, 36.46219406593522
17.0, 48.677305583722784, 31.210838000344452
17.0, 48.263979853151824, 28.97978342310431
17.0, 48.169677380642916, 29.42599433855233
3.0684372068881434, 45.1, 26.68142826126278
3.187038159610977, 45.1, 26.528081467797776
3.3594232653127705, 45.1, 28.214896195912814
3.7965918933725176, 45.1, 28.674936576307815
4.212267280319585, 45.1, 28.946046725177382
4.673763437976106, 45.1, 30.133917822338532
5.626667541285403, 45.1, 32.984808455525354
6.525081758914603, 45.1, 47.77701829466183
7.458814600419351, 45.1, 56.93816724907968
7.579650615202318, 45.1, 57.14174833695563
7.707810024820616, 45.1, 55.92026180969992
7.810337552515255, 45.1, 54.6987752824442
7.938496962133553, 45.1, 51.44147787642896
8.330151595552962, 45.1, 49.63287461129795
10.310021583133471, 47.9, 31.65740631231685
9.910332703966603, 47.9, 30.11154976972186
11.031199343369343, 47.9, 35.71527973662869
11.542273942538017, 47.9, 36.30317023272487
12.114431157267497, 47.9, 37.83357180195854
12.535192820333164, 47.9, 36.74042782393448
13.117180915040814, 47.9, 39.3639733711922
13.986059708261255, 47.9, 39.82227999066157
14.670654646506698, 47.9, 37.52324859651745
15.35754688320263, 47.9, 31.64794614481582
14.904979088456482, 47.9, 31.392498212133148
15.265654945183108, 47.9, 32.66973787554656
23.0, 50.11360055184446, 21.10223030582054
23.0, 50.413711536421886, 23.485860228342887
23.0, 49.29901359370573, 45.99792060772086
8.0, 48.70861082697179, 26.419526987410933
8.0, 46.866282854699975, 32.044663313006836
8.0, 46.382928605315556, 42.38764014119808
8.0, 45.89811133906351, 52.57443206113474
8.0, 45.77518292575616, 53.63955018323156
8.0, 45.4312675677139, 61.81009516510412
8.0, 45.544824345422604, 61.184999245930285
14.0, 44.714080545943226, 42.743844660369405
14.0, 44.835942382072105, 40.23450800682835
14.0, 44.99842483024394, 36.972370357224946
14.0, 45.18347428510631, 37.97610501864139
14.0, 45.312106223242345, 37.725171353287266
14.0, 46.029737036001286, 52.53025760917956
14.0, 46.158368974137325, 52.53025760917956
14.0, 46.49236067315721, 47.00971697138921
14.0, 47.16034407119698, 44.75131398320225
14.0, 47.851699706138355, 36.28468624904423
14.0, 47.95450687657978, 39.22919849431794
14.0, 48.33458187033291, 38.01675227567583
14.0, 48.46542735998563, 38.189958878338985
14.0, 50.9149262589551, 26.140821417273827
14.0, 50.80596601938544, 27.16758631948757
14.0, 49.81239637720783, 32.71211679144177
14.0, 49.38948290497982, 37.64058832206774
3.0, 43.271604956493704, 37.60100804263368
3.0, 44.07976535382848, 28.808118013408873
3.0, 44.68549027003046, 27.225397808148415
3.0, 44.865784370414346, 33.028705227436774
3.0, 45.64705880541118, 30.039122617500354
3.0, 45.74353196438852, 29.86326481691586
3.0, 45.97601646225194, 25.290962001718952
16.03610618192486, 48.6, 39.740641059154754
16.17018952502777, 48.6, 39.90630092027237
16.465172879854165, 48.6, 34.27386564227358
16.308742312900772, 48.6, 38.58102203133147
17.125160890905146, 48.6, 28.807090225392386
17.251795159391225, 48.6, 28.972750086510004
18.708414418156327, 48.6, 24.585987125609293
18.90094161736473, 48.6, 24.091955253461748
20.04099321114373, 48.6, 27.891057749543336
21.07510004030341, 48.6, 24.102712088326626
21.638247363934944, 48.6, 30.11949637378845
21.786549506101256, 48.6, 32.12509113560907
4.103712742592175, 47.2, 28.029097292855397
5.459383181339589, 47.2, 28.665146554419607
5.671027933380325, 47.2, 28.665146554419607
5.937013905539628, 47.2, 25.80292487738069
4.435480191737112, 47.2, 26.756998769727005
6.43381288129744, 47.2, 30.59855917859025
7.399610905734227, 47.2, 29.093066087739203
13.0, 43.64713925560321, 45.37437124826923
13.0, 43.531559936059686, 44.50306047143738
13.0, 45.489321006913016, 45.51613132415956
13.0, 45.6064968450943, 44.0450746932309
13.0, 45.733122347645036, 41.52326332592463
13.0, 45.80493979685292, 39.42175385316939
13.0, 45.91077603779085, 38.37099911679178
13.0, 46.823613615880525, 43.414621851404334
13.0, 46.959688782800725, 44.46537658778195
13.0, 47.10521361409038, 47.82779174419032
13.0, 47.21671965364999, 53.712018267904966
13.0, 47.324445827461815, 53.501867320629444
13.0, 47.44729146426477, 52.24096163697631
13.0, 47.545567973707136, 50.98005595332316
13.0, 49.064210719643455, 36.0861283076095
16.745789337280044, 45.1, 29.220097459609875
16.896687955797063, 45.1, 29.041595748793227
17.33814668018196, 45.1, 26.721073508176758
17.471386949723584, 45.1, 28.506090616343272
17.561283999052872, 45.1, 28.68459232715992
17.768368273400696, 45.1, 22.615534159393775
16.19998582349508, 45.1, 29.39859917042652
17.649471200512973, 47.9, 32.799299245822134
18.835500837825474, 47.9, 33.211233807888206
18.94118734381179, 47.9, 31.711003601870985
19.065987366838186, 47.9, 29.835715844349465
19.777157421847075, 47.9, 33.74941042644406
20.370647920832972, 47.9, 29.001703052416744
20.470274623300632, 47.9, 27.57739084020855
20.60832876814867, 47.9, 25.99482171553278
21.77020563111072, 47.9, 31.730860636498008
22.625975943678085, 47.9, 39.479827829537044
5.274646025312125, 48.6, 32.80859202190244
5.11459112520043, 48.6, 33.698456665753554
4.994549950116659, 48.6, 34.58832130960465
5.86884984197679, 48.6, 29.916531929386366
5.60675994304389, 48.6, 32.586125860939674
6.3610186598202505, 48.6, 35.25571979249298
6.761155910099486, 48.6, 31.696261217088562
6.961224535239105, 48.6, 33.25352434382799
7.137284925361969, 48.6, 31.251328895163013
7.644650018995449, 48.6, 26.630011783278604
8.139312177280761, 48.6, 25.47930210954692
8.30075003647011, 48.6, 25.47930210954692
22.0, 47.8915678137209, 31.850772183619
22.0, 48.53589253151513, 31.45493991991512
22.0, 48.65692590391846, 30.663275392507302
22.0, 48.87051420815965, 31.45493991991512
22.0, 49.0129064109871, 32.64243671102679
22.0, 49.262092765935144, 31.05910765621121
22.0, 49.55399678173143, 27.892449546580053
22.0, 49.83166157724496, 31.850772183619
22.0, 49.96693416993104, 31.45493991991512
22.0, 50.18408227924291, 35.809094820657975
22.0, 50.30155584657555, 35.809094820657975
16.395238982669195, 50.0, 32.195236072185956
17.22955957058192, 50.0, 38.98515473333187
17.38292287151662, 50.0, 35.34713425388628
17.80620558209639, 50.0, 33.073371454232785
17.9534343509937, 50.0, 31.48173749447534
18.10884249594086, 50.0, 31.936490054406036
18.34600540800588, 50.0, 30.201394974418058
18.744192672662447, 50.0, 26.057618873941678
18.88700566545311, 50.0, 25.885009305928122
19.116748306029397, 50.0, 26.402838009968804
19.312340013547043, 50.0, 27.61110498606375
19.489303939396343, 50.0, 30.890686778321438
19.62745998676992, 50.0, 35.723754682701184
19.79666233692408, 50.0, 29.85502937024006
20.141892633283746, 50.0, 35.73061990181388
20.651058792386944, 50.0, 39.90006633792267
22.951710354381945, 50.0, 22.55010802279488
22.828753579853895, 50.0, 22.55010802279488
21.54945169293119, 50.0, 50.12027788578383
21.12891773867039, 50.0, 47.22321774344591
20.982667234018244, 50.0, 44.399899316965865
22.215415789134703, 50.0, 35.53143745915521
22.044331639008945, 50.0, 35.53143745915521
21.87534668090927, 50.0, 32.26356441221135
4.0, 44.51743805971455, 30.049789786860856
4.0, 45.645239819607355, 19.74592294027319
4.0, 45.83602852142131, 24.420356230723627
4.0, 45.94759140638032, 27.476716459095073
4.0, 47.55493438408535, 32.63663298048415
4.0, 47.65638853851099, 31.84497071668453
4.0, 47.083261560878434, 30.06373062313537
21.0, 50.46827373175946, 44.94346519486692
21.0, 49.055958825472985, 34.9900830002762
21.0, 49.16138514946338, 38.30787706513978
21.0, 49.797921445254474, 39.4138084200943
21.0, 46.9644049432626, 36.991618123198776
21.0, 46.870538277192644, 37.13459753481547
21.0, 46.73166704519874, 35.704803418648666
21.0, 46.64422960283221, 34.7039475373319
21.0, 48.19476047724683, 30.97235594398326
21.0, 48.33112474348792, 32.35081181503937
9.782142723590644, 49.3, 22.322620441909507
10.333993812591203, 49.3, 25.24467003048747
11.081057531714407, 49.3, 28.58415527457656
11.838580345338498, 49.3, 29.329718950293028
11.966773722465309, 49.3, 29.888717113662977
12.120103055891494, 49.3, 29.609218031978003
12.552441504240742, 49.3, 30.447715277032955
12.773637919675238, 49.3, 30.447715277032955
12.926967253101425, 49.3, 35.478698747362614
13.937432696336291, 49.3, 36.03769691073256
14.582113863729443, 49.3, 35.885598277585444
14.797752752863875, 49.3, 35.5250275939912
15.29388433237618, 49.3, 34.8038862268027
15.485203046044324, 49.3, 35.16445691039695
9.144873590249595, 47.2, 34.75232811602545
8.998871747186383, 47.2, 35.090550287470954
9.986862896281528, 47.2, 35.35053752740674
11.212884077509113, 47.2, 31.649827992844408
11.32057806324853, 47.2, 31.649827992844408
11.439674941595648, 47.2, 31.508945347616702
11.556237843807722, 47.2, 32.35424121898291
11.733616173260877, 47.2, 42.356909030149595
11.834975218662679, 47.2, 41.652495804011096
11.98954776290043, 47.2, 39.9619040612787
12.33416851726656, 47.2, 35.1718941235369
12.477338168896607, 47.2, 33.3404197355768
12.597029722681107, 47.2, 30.339177224826244
12.729255043068372, 47.2, 29.4613990277507
14.191627616306633, 47.2, 42.62807198388373
14.325826448938482, 47.2, 42.847516533152614
15.12024126802806, 47.2, 35.35434687033565
15.246840282857248, 47.2, 33.27981682464231
15.808146554336128, 47.2, 30.341277466175093
9.185463354905574, 43.0, 37.23465229276722
9.339284537855024, 43.0, 34.96783920000968
10.51054944898818, 43.0, 41.76827847828231
10.662517364673178, 43.0, 40.94398280818865
10.795952607713664, 43.0, 39.91361322057159
15.0, 50.120860099295136, 28.70320998198227
15.0, 49.83132928687932, 33.093349633970945
15.0, 49.0232751104097, 33.38602561077019
15.0, 48.8758776059071, 32.8006736571717
15.0, 48.68636652868947, 34.55672951796717
15.0, 48.56002581054438, 36.605461355561886
15.0, 48.07045552773217, 36.31278537876264
15.0, 47.87304815563048, 37.48348928595959
15.0, 46.21177920440524, 33.84165693814569
15.0, 45.78170728779872, 31.795803880650652
15.0, 45.67131449637031, 32.81873040939817
15.0, 45.53792320672764, 31.54007224846376
15.0, 45.402232067263554, 30.51714571971624
15.0, 44.70307772155028, 40.49067937500459
15.0, 44.40869694440785, 45.09384875436845
18.0, 45.355024975897585, 26.205118644724365
18.0, 46.37535572237628, 29.461018937445147
18.0, 46.501489324589976, 35.471911785545046
18.0, 47.078100077566894, 35.471911785545046
18.0, 47.38217215433207, 36.22327339155751
18.0, 47.70651570288158, 39.479173684278294
18.0, 48.388841686464836, 21.18070417437815
18.0, 48.4933705080859, 24.827158967286778
18.0, 49.07340298884591, 41.00830211081876
18.0, 49.19432848836832, 36.678137044239776
18.0, 49.35829526738175, 34.854909647785476
18.0, 49.981369027632795, 31.208454854876848
18.0, 50.23961670457895, 29.613130882979334
16.55675765356131, 43.7, 58.36117798872648
16.32133987033888, 43.7, 57.888094919999205
16.183365521579834, 47.2, 32.5511097231408
16.581298959906768, 47.2, 32.96854537865194
16.7370936551008, 47.2, 32.96854537865194
16.95483081946837, 47.2, 31.924956239874092
17.27017429889726, 47.2, 29.837777962318413
20.017003589002513, 47.2, 38.130784639352555
20.450456171630975, 47.2, 37.51286504795169
21.739699750731013, 47.2, 34.42326709094746
16.625704004435207, 49.3, 34.47941077775056
16.83262727279268, 49.3, 35.718347112538495
17.012491344518793, 49.3, 35.36436530259908
17.728764196525436, 49.3, 36.426310732417306
17.860876744784438, 49.3, 35.01038349265967
18.155344472831615, 49.3, 38.904183401993194
19.645361213324634, 49.3, 37.90135278335427
18.94115362034169, 49.3, 39.09866641705885
18.65257925502146, 49.3, 33.35156097527687
21.96825834068299, 49.3, 30.459491700581538
22.597832286519118, 49.3, 25.190265882602887
21.435715504778592, 49.3, 31.463153761148902
21.237140210034582, 49.3, 37.234210609411264
21.090465276416843, 49.3, 40.74702782139704
20.80388502150219, 49.3, 34.22322442770917
9.201169930841832, 45.1, 37.61270167988903
9.34249242935896, 45.1, 38.478846671943074
9.486040479033838, 45.1, 40.953546649240366
10.907684799926365, 45.1, 43.84457153172292
11.029312257657677, 45.1, 41.1840424352513
11.507846517584152, 45.1, 40.51891016113339
11.633461760814853, 45.1, 40.29719940309408
11.802942644538813, 45.1, 41.40575319329059
11.92656399501982, 45.1, 41.1840424352513
12.181782266980605, 45.1, 51.6044480630985
12.307397510211306, 45.1, 52.04786957917712
12.437000538941392, 45.1, 51.6044480630985
14.479967678370084, 45.1, 46.7953120726046
14.860624562517302, 45.1, 44.51210673640769
