BW.BE1 47.9108 11.2213 5
BW.FFB1 48.1629 11.2751 7
BW.KW1 48.1219 12.5972 4
BW.MGS04 47.9797 11.7188 3
BW.RJOB 47.7372 12.7957 2
BW.RJOB 47.7373 12.7956 3
BW.RNON 47.7405 12.8671 2
BW.ROTZ 49.7669 12.207 2
BW.SCE 47.0378 11.709 2
CH.ACB 47.5877 8.25474 3
CH.AIGLE 46.3418 6.95295 2
CH.BALST 47.336 7.69485 3
CH.BERGE 47.8716 8.17798 2
CH.BERNI 46.4136 10.0231 2
CH.BOURR 47.3936 7.2301 4
CH.BRANT 46.938 6.47298 4
CH.DAGMA 47.2309 8.01248 4
CH.EMING 47.8952 8.84676 5
CH.EMMET 47.4376 8.01358 6
CH.FIESA 46.4352 8.11051 10
CH.HASLI 46.7567 8.15108 1
CH.HASLI 46.7568 8.15117 1
CH.LAUCH 46.4155 7.77166 3
CH.LIENZ 47.2944 9.49177 4
CH.LKBD2 46.3745 7.64433 2
CH.MMK 46.0507 7.96409 2
CH.MTI02 47.3793 7.16525 2
CH.MUO 46.9677 8.63706 10
CH.NALPS 46.5951 8.74828 6
CH.ROMAN 47.5643 9.33601 3
CH.ROTHE 47.4761 7.92093 5
CH.SAIRA 47.3027 7.08645 11
CH.SIMPL 46.2396 8.01958 3
CH.SULZ 47.5275 8.11187 8
CH.TORNY 46.7736 6.95874 4
CH.WALHA 47.7528 9.1231 11
CH.WOLEN 46.9978 7.3688 2
CR.KALN 46.1312 16.4555 3
CR.NVLJ 44.5635 14.8712 3
CR.PTJ 45.909 15.973 2
CR.PLIT 44.8784 15.6231 25
CR.RABC 44.7504 14.7821 3
CR.RIY 45.3251 14.4828 5
CR.UDBI 44.5279 15.7644 3
CR.ZAG 45.8294 15.9942 4
CZ.HSKC 50.6072 13.4317 2
CZ.KRLC 50.0966 16.8341 2
CZ.NKC 50.2331 12.4479 2
CZ.PVCC 50.5282 14.569 2
FR.ARTF 43.5882 5.8067 2
FR.ASEAF 42.7948 6.1635 5
FR.BETS 48.8936 7.92429 9
FR.BOUC 47.2469 6.25606 2
FR.BSTF 43.8009 5.6433 2
FR.CFF 45.763 3.111 20
FR.CHMF 47.2484 6.6517 4
FR.CIEL 48.8326 7.36375 10
FR.ENAUX 44.1095 6.7775 3
FR.FRNF 45.385 2.563 2
FR.GRN 45.2413 5.7439 6
FR.HOHE 48.6587 7.4843 2
FR.ILLF 47.6834 7.2543 2
FR.ILLK 48.516 7.71682 12
FR.LAJAS 43.9698 3.22136 2
FR.LEMB 49.0339 7.75891 2
FR.MLYF 43.988 5.7675 2
FR.MVIF 43.896 7.153 3
FR.NEEW 48.956 8.10404 4
FR.OG02 46.1542 6.22021 2
FR.OGCB 44.8501 5.09654 3
FR.OGCB 44.8502 5.09662 2
FR.OGCC 44.4291 5.54989 2
FR.OGCN 45.1539 5.08896 6
FR.OGMY 45.881 5.88932 3
FR.OGRV 46.3459 4.7522 3
FR.OGS1 45.0608 5.80467 4
FR.OGS2 45.0645 5.80132 9
FR.OGS3 45.0695 5.80607 4
FR.OGSA 45.0368 6.40093 2
FR.OGSA 45.0368 6.40152 1
FR.OPS 48.9213 7.88278 2
FR.PLDF 45.97 3.621 3
FR.PLYF 46.9565 4.7442 6
FR.RIVEL 46.759 5.92249 2
FR.RONF 47.7107 6.6472 2
FR.SJAF 42.4835 2.8762 2
FR.STR 48.5799 7.7633 3
FR.SZBH 48.9325 7.86305 21
FR.TRIGF 43.7471 6.4074 2
FR.VAL4 44.9057 4.89205 2
FR.VDH4 48.6525 7.78374 1
FR.VOEL 48.9667 7.12266 3
FR.WALT 47.9657 7.27652 8
FR.WLS 48.4127 7.3536 7
FR.XAFF 48.4071 6.61952 3
FR.ZELS 48.3023 7.63158 4
GE.STU 48.7719 9.195 3
GR.BRG 50.8733 13.9436 2
GR.FUR 48.1639 11.2768 5
GR.GEC2 48.8443 13.7006 2
GR.GRA1 49.6908 11.2204 3
GR.GRA1 49.6919 11.2217 2
GR.GRA3 49.7611 11.3174 3
GR.GRA3 49.7622 11.3187 4
GR.GRA4 49.5643 11.4345 3
GR.GRA4 49.5654 11.4359 6
GR.GRB2 49.2698 11.6681 2
GR.GRB2 49.2709 11.67 1
GR.GRB3 49.3426 11.8047 1
GR.GRB3 49.3435 11.806 2
GR.GRB4 49.4678 11.5595 1
GR.GRB4 49.4689 11.5608 2
GR.GRB5 49.1111 11.6753 2
GR.GRC2 48.8666 11.3742 1
GR.GRC2 48.8676 11.3755 1
GR.GRC3 48.8891 11.5845 1
GR.GRC3 48.8902 11.5858 1
GR.GRC4 49.0857 11.525 1
GR.GRC4 49.0867 11.5263 1
GR.MILB 49.8284 9.2923 6
GR.MOX 50.6461 11.6161 3
GR.TMO22 49.2192 8.1848 8
GR.TNS 50.2236 8.4489 3
GU.BURY 43.7825 7.557 2
GU.CANO 44.2075 8.2372 2
GU.CARD 44.026 10.4821 1
GU.CARD 44.0261 10.4821 2
GU.EQUI 44.166 10.153 2
GU.GRAM 44.4904 10.065 2
GU.GRAM 44.4913 10.0658 1
GU.GSCL 44.3505 10.5881 2
GU.GSCL 44.3506 10.588 3
GU.MAIM 43.9131 10.4916 16
GU.MAIM 43.9142 10.4915 1
GU.PCP 44.5413 8.5455 2
GU.PZZ 44.5065 7.1157 6
GU.PZZ 44.5068 7.116 3
GU.REMY 45.8378 7.1565 12
GU.RNCA 44.4711 8.9512 1
GU.RNCA 44.4712 8.9512 1
GU.RORO 44.1122 8.06617 1
GU.RORO 44.1125 8.0667 1
GU.ROTM 44.8493 8.3523 2
GU.ROTM 44.8493 8.3527 2
GU.RRL 44.9208 6.79083 6
GU.RRL 44.921 6.79 4
GU.RSP 45.1482 7.2649 3
GU.RSP 45.1482 7.26533 6
GU.SATI 45.8753 7.8685 4
GU.SATI 45.8754 7.8685 5
HU.ABAH 48.2961 21.2397 2
HU.AMBH 46.3501 20.7258 9
HU.BEHE 46.4703 16.7755 4
HU.BSZH 47.2996 20.267 4
HU.CSKK 47.3631 18.2606 4
HU.EGYH 47.4162 17.3317 6
HU.LTVH 47.3849 21.9007 10
HU.MPLH 47.1712 17.5348 3
HU.PSZ 47.9182 19.8934 1
HU.PSZ 47.9184 19.8944 1
HU.TIH 46.9001 17.8877 19
HU.TRPA 48.1304 22.5391 4
IV.ASQU 43.7967 11.7893 2
IV.BOB 44.7679 9.44782 5
IV.CAVE 44.8658 11.0031 9
IV.CRE 43.6189 11.9517 2
IV.CRMI 43.7956 10.9795 4
IV.CSNT 43.4731 11.2902 9
IV.FIR 43.7744 11.2551 2
IV.FNVD 44.1678 11.1229 29
IV.FSSB 43.6931 12.7771 2
IV.GROG 43.4262 9.89201 4
IV.LMD 44.0775 11.7073 2
IV.MABI 46.0549 10.514 5
IV.MAGA 45.7753 10.6286 8
IV.MAGO 43.2732 10.6579 3
IV.MONC 45.0739 7.9271 7
IV.MRGE 45.7697 7.06101 4
IV.MSSA 44.3162 9.51739 8
IV.MTRZ 44.3128 11.4248 3
IV.NDIM 44.8873 10.8987 22
IV.OPPE 45.3082 11.1724 21
IV.ORZI 45.4056 9.9307 2
IV.OSSC 43.5236 11.2458 5
IV.PESA 43.9411 12.8402 4
IV.PLMA 44.0498 9.85365 2
IV.PRMA 44.7637 10.3131 3
IV.QLNO 44.3242 8.34592 2
IV.RSM2 43.9377 12.4451 8
IV.SALO 45.6183 10.5243 4
IV.SARZ 44.8673 8.9136 5
IV.SEI 44.0543 11.3586 3
IV.TEOL 45.3617 11.6739 56
IV.VARE 45.8677 8.77 3
IV.ZCCA 44.3508 10.9765 6
IV.ZONE 45.7636 10.1171 5
MN.VLC 44.1594 10.3864 5
NI.PALA 46.245 12.924 12
NI.POLC 46.0266 12.5005 5
OE.LESA 47.4243 12.677 2
OE.OBKA 46.5092 14.5489 2
OX.ACOM 46.548 13.5137 4
OX.BALD 45.683 10.8187 8
OX.BOO 46.3195 13.0984 4
OX.CAE 46.009 12.4379 2
OX.CGRP 45.8806 11.8047 30
OX.CLUD 46.4569 12.8814 2
OX.DRE 46.1733 13.645 2
OX.FUSE 46.4142 13.0011 2
OX.MARN 45.6378 11.2099 3
OX.PLRO 46.5491 13.1481 2
OX.SABO 45.9875 13.6336 4
OX.VARN 45.9922 12.1051 11
OX.ZOU2 46.5584 12.9729 6
PL.NIE 49.4182 20.2996 13
RD.ETNF 48.2622 6.0382 4
RD.FLAF 43.3827 6.2549 2
RD.ORIF 44.9183 5.88 2
RD.SAVF 48.6152 5.1241 2
RF.GEPF 46.275 13.1386 3
SI.ABSI 46.7285 11.3205 2
SI.BOSI 46.4952 11.3185 32
SI.KOSI 46.463 11.3778 7
SI.LUSI 45.9595 10.9436 3
SI.MOSI 46.6164 10.5495 62
SI.ROSI 46.9281 11.4118 14
SK.CRVS 48.9022 21.4614 4
SK.KOLS 48.9333 22.2731 2
SK.VYHS 48.494 18.8361 3
SK.ZST 48.1961 17.1025 3
SL.CADS 46.2281 13.7368 2
SL.GCIS 45.8672 15.6275 2
SL.GROS 46.461 15.5018 2
SL.KNDS 45.5278 14.3807 2
SL.MOZS 46.2941 14.4433 3
SL.VNDS 46.1016 14.7014 2
SX.TANN 50.415 12.461 3
TH.ANNA 50.889 12.645 2
TH.LEIB1 50.5761 11.1978 2
TH.MLFH 50.7898 12.0809 4
TH.MODW 50.9427 12.4684 2
TH.TAUT 50.9816 11.7107 5
TH.THWA 50.7626 10.6771 2
TH.VITZ 50.8876 10.0917 3
TH.WESF 50.5375 11.2123 2
XT.AAE02 50.5107 13.2526 2
XT.AAE03 50.4306 13.43 5
XT.AAE04 50.3545 13.2588 2
XT.AAE05 50.2522 13.3696 10
XT.AAE07 50.0733 13.4219 2
XT.AAE08 49.991 13.2322 3
XT.AAE10 49.7998 13.2509 3
XT.AAE15 49.3648 13.4141 3
XT.AAE16 49.2642 13.2193 4
XT.AAE17 49.1554 13.4379 2
XT.AAE18 49.0982 13.2165 4
XT.AAE22 48.719 13.2616 2
XT.AAE23 48.6418 13.4277 2
XT.AAE26 48.3569 13.2878 4
XT.AAE27 48.2803 13.4336 3
XT.AAE28 48.1861 13.2633 2
XT.AAE44 46.7332 13.2491 2
XT.AAE52 46.0136 13.2945 2
XT.AAE54 45.8418 13.2583 5
XT.AAE55 45.7552 13.4208 7
YP.CT02 44.2873 4.9139 6
YP.CT03 44.3244 5.0275 6
YP.CT12 44.4751 5.9826 5
YP.CT16 44.4771 6.314 2
YP.CT17 44.5041 6.3576 2
YP.CT18 44.5006 6.4555 3
YP.CT19 44.5409 6.5198 2
YP.CT22 44.6663 6.6248 8
YP.CT24 44.7288 6.7449 2
YP.CT27 44.7662 6.8799 2
YP.CT37 45.035 7.4967 1
YP.CT38 45.0186 7.7484 4
YP.CT40 45.0693 7.917 3
YP.CT44 45.0657 8.4265 3
YP.CT45 45.0441 8.5425 2
YP.CT52 45.0359 6.4 3
Z3.A001A 48.7287 16.5904 4
Z3.A004A 47.9629 16.3971 2
Z3.A005B 48.3719 16.2054 2
Z3.A006A 48.7404 16.0203 13
Z3.A010A 47.0733 16.0793 7
Z3.A011A 47.3908 16.0077 2
Z3.A011B 47.4086 15.9587 3
Z3.A013A 48.0635 15.4063 3
Z3.A016A 48.3014 14.6496 4
Z3.A017A 47.948 14.7589 3
Z3.A018A 47.7437 15.0776 2
Z3.A019A 47.4457 15.0856 2
Z3.A020A 46.9484 15.2994 9
Z3.A021A 46.7566 15.8253 8
Z3.A023A 48.4608 14.0707 2
Z3.A024B 48.1002 14.1399 5
Z3.A027A 46.8159 14.0074 2
Z3.A033A 47.4797 13.126 3
Z3.A036A 47.3789 12.3084 2
Z3.A038A 47.4642 11.9189 2
Z3.A051A 45.0125 16.9069 2
Z3.A052A 45.1026 17.5139 2
Z3.A061A 47.0984 8.92522 2
Z3.A062A 46.1808 9.1126 6
Z3.A071A 49.7419 12.6911 4
Z3.A075A 50.0377 13.8737 2
Z3.A078A 48.864 14.2845 3
Z3.A079A 49.2288 14.7074 3
Z3.A080A 49.684 14.9288 5
Z3.A081A 50.0752 15.0341 8
Z3.A082A 50.061 15.6502 5
Z3.A083A 49.6959 15.6077 9
Z3.A084A 48.9434 15.7007 2
Z3.A085A 49.4392 16.1962 2
Z3.A086A 49.8528 16.1457 2
Z3.A087A 49.7049 16.8893 2
Z3.A088A 49.4303 17.2911 7
Z3.A089A 49.1521 17.092 6
Z3.A100A 48.453 8.92609 3
Z3.A101B 48.1182 8.55019 3
Z3.A102A 48.14 9.19935 2
Z3.A103A 47.8102 9.52212 2
Z3.A104A 48.0628 9.71035 3
Z3.A107C 48.0194 10.1998 2
Z3.A108A 48.3477 9.83113 5
Z3.A114A 49.5901 9.1824 6
Z3.A115A 49.274 9.05236 3
Z3.A116A 49.398 9.48334 2
Z3.A117A 49.0441 9.56839 2
Z3.A118A 49.3542 9.96992 2
Z3.A118B 49.3447 9.97441 2
Z3.A119A 49.0071 10.0384 2
Z3.A122A 48.2785 7.86782 2
Z3.A123A 48.6115 7.89096 8
Z3.A124A 48.6539 8.4941 2
Z3.A125A 48.9743 8.68367 2
Z3.A126A 48.9893 8.49214 4
Z3.A127A 49.1967 7.97808 2
Z3.A143A 47.6836 11.0034 2
Z3.A144A 48.0981 12.0834 8
Z3.A145A 47.8693 12.3915 2
Z3.A146A 48.2928 12.975 3
Z3.A147B 48.53 12.9776 17
Z3.A148A 48.478 12.4605 3
Z3.A148B 48.5094 12.4767 5
Z3.A152A 48.7248 6.85392 4
Z3.A156A 47.9467 4.5341 2
Z3.A158A 48.0044 6.347 2
Z3.A160A 47.6908 5.0502 3
Z3.A161A 47.5835 6.0108 3
Z3.A162A 47.3055 4.57935 2
Z3.A163A 47.197 5.20102 14
Z3.A165A 46.9102 3.4984 7
Z3.A167A 46.7469 5.31951 8
Z3.A168A 46.5604 3.9329 3
Z3.A170A 46.3781 3.4474 23
Z3.A172A 46.3858 5.2132 12
Z3.A172B 46.4101 5.26468 5
Z3.A174A 45.9926 4.4619 2
Z3.A175A 45.9427 5.0747 10
Z3.A176A 45.7178 4.0666 31
Z3.A178B 45.6877 6.30458 2
Z3.A179A 45.4723 2.9722 8
Z3.A181A 45.3805 6.302 4
Z3.A185A 45.1209 5.0728 4
Z3.A187A 44.7343 3.3398 2
Z3.A190A 44.3246 2.8695 2
Z3.A192B 44.5006 4.57526 2
Z3.A194A 44.3933 6.5023 2
Z3.A195A 43.9752 2.7193 3
Z3.A198A 43.6006 2.8004 4
Z3.A200A 43.6927 4.1885 16
Z3.A201A 43.5006 4.7917 5
Z3.A204A 43.2413 5.6099 2
Z3.A205A 43.2001 6.2335 1
Z3.A209A 42.5041 9.4944 2
Z3.A209B 42.5029 9.5066 5
Z3.A210A 48.8277 5.92254 2
Z3.A213A 47.4967 5.4799 2
Z3.A214A 46.362 5.8003 2
Z3.A215A 45.4307 5.23226 8
Z3.A216A 44.4291 5.54989 2
Z3.A217A 44.3701 6.0733 2
Z3.A250A 45.084 14.9106 2
Z3.A252A 45.4356 17.8482 2
Z3.A260A 47.2833 16.7059 11
Z3.A260A 47.2834 16.7056 7
Z3.A261A 46.952 17.1486 13
Z3.A261A 46.9521 17.1486 11
Z3.A262A 46.8642 16.5276 19
Z3.A263A 46.6408 17.3148 4
Z3.A263A 46.6408 17.3149 1
Z3.A264A 46.1597 17.2897 25
Z3.A265A 46.4244 17.7954 15
Z3.A265A 46.4244 17.7955 13
Z3.A266A 46.5256 18.2647 13
Z3.A266A 46.5256 18.2648 6
Z3.A267A 46.9463 18.482 9
Z3.A268A 47.4313 17.9238 8
Z3.A269A 47.6386 18.3824 5
Z3.A270A 47.8452 19.0186 5
Z3.A271A 47.1547 18.8341 4
Z3.A271A 47.1548 18.8342 7
Z3.A272A 46.7444 18.9654 13
Z3.A273A 45.9163 17.8161 9
Z3.A273A 45.9164 17.816 12
Z3.A280A 44.5391 7.9089 6
Z3.A281A 44.8534 7.7099 7
Z3.A282A 45.2545 7.6133 4
Z3.A283B 45.238 8.2885 4
Z3.A284A 45.1371 9.3837 4
Z3.A285A 44.8939 9.9098 3
Z3.A286A 45.366 8.8338 2
Z3.A288A 46.0082 8.4818 2
Z3.A290A 46.5068 10.9028 2
Z3.A291A 46.6246 11.8805 2
Z3.A301A 45.6198 12.621 3
Z3.A331A 49.1501 18.2209 2
Z3.A332A 48.8045 18.4645 5
Z3.A333A 48.7156 17.1041 9
Z3.A334A 48.6044 17.6747 7
Z3.A335A 48.4469 18.3359 6
Z3.A336A 48.2333 18.999 5
Z3.A337A 48.2443 17.7898 6
Z3.A338A 48.0152 18.3525 10
Z3.A339A 47.8294 17.6559 6
Z3.A350A 50.1674 11.5708 4
Z3.A351B 50.0019 10.7612 5
Z3.A352A 49.8214 11.6903 4
Z3.A353A 49.5178 10.5426 2
Z3.A354A 49.4523 10.969 2
Z3.A357A 48.6998 11.9992 2
Z3.A357B 48.7026 11.9466 18
Z3.A359A 48.8331 12.6421 6
Z3.A360A 48.7289 10.297 5
Z3.A361A 48.7908 10.8171 3
Z3.A362A 48.3637 10.4022 13
Z3.A363A 48.523 10.9334 7
Z3.A364A 48.5018 11.4507 18
Z3.A365A 48.1651 10.7334 5
Z3.A366A 47.8333 10.6235 2
Z3.A367A 48.3073 11.923 7
Z3.A368A 49.1259 10.5469 3
Z3.A369A 49.1161 11.0216 3
Z3.A402A 42.8793 5.3005 7
Z3.A405A 42.4116 5.30365 2
Z3.A406A 42.6467 5.85667 3
Z3.A409A 43.3482 7.51672 5
Z3.A412A 41.6476 4.74483 2
Z3.A414A 42.1783 5.85832 2
Z3.A417A 42.8796 7.51782 4
Z3.A420A 43.4537 9.19548 3
Z3.A421A 41.7153 5.84997 2
Z3.A430A 42.1779 7.98092 1
Z3.A434A 43.8503 9.22987 7
ZJ.HU01A 47.3446 19.6202 7
ZJ.HU02A 48.1222 20.525 2
ZJ.HU03A 47.9038 19.5997 2
ZJ.HU04A 46.812 19.4777 10
ZJ.HU05A 47.5518 21.137 9
ZJ.HU06A 46.7123 20.5675 8
ZJ.HU07A 47.9812 21.9143 5
ZJ.HU08A 47.4313 17.9238 10
ZJ.HU09A 47.6386 18.3824 2
ZJ.HU10A 47.8452 19.0186 3
ZJ.HU21A 46.3329 19.729 9
ZJ.HU22A 46.328 19.131 23
ZJ.HU23A 47.639 20.2496 5
ZJ.HU24A 46.9098 21.159 4
ZJ.PL02A 49.378 22.5365 2
ZJ.PL03A 50.0217 22.8969 4
ZJ.PL04A 50.2397 23.2288 2
ZJ.PL06A 49.5938 22.137 3
ZJ.PL07A 49.9431 22.4041 3
ZJ.PL08A 50.3763 22.6766 4
ZJ.PL09A 49.6417 21.4052 3
ZJ.PL10A 49.9045 21.8899 3
ZJ.PL11A 50.23 22.1172 4
ZJ.PL12A 50.5792 21.9294 26
ZJ.PL13A 49.5968 20.9234 2
ZJ.PL14A 49.8794 21.0696 1
ZJ.PL15A 50.231 21.4762 10
ZJ.PL16A 50.5924 21.3555 3
ZJ.PL18A 49.9698 20.5063 5
ZJ.PL19A 50.283 20.9442 28
ZJ.PL20A 49.2957 19.8947 1
ZJ.PL22A 49.8359 20.0737 1
ZJ.PL23A 50.2339 20.3234 5
ZJ.PL24A 49.7238 19.0043 1
ZJ.PL25A 49.9182 19.5279 7
ZJ.PL29A 50.1667 18.3125 7
ZJ.SK01A 49.4744 18.8045 2
ZJ.SK02A 49.4548 19.3039 1
ZJ.SK03A 49.1745 18.8611 1
ZJ.SK05A 48.5093 19.1427 3
ZJ.SK06A 49.1505 19.4678 3
ZJ.SK07A 48.9247 19.7525 1
ZJ.SK08A 48.569 19.7126 1
ZJ.SK12A 48.3175 19.9942 3
ZJ.SK14A 49.0006 20.7428 1
ZJ.SK20A 49.2138 21.6092 1
ZJ.SK22A 48.6199 21.7213 2