6.400000095367432, 45.0359001159668, 0.908750057220459
5.605100154876709, 44.41189956665039, 0.9253846406936646
5.2677001953125, 44.37049865722656, 0.8979999423027039
7.394700050354004, 44.98939895629883, 0.9003124833106995
7.201000213623047, 44.82500076293945, 0.9199999570846558
6.954800128936768, 44.774200439453125, 0.9309375286102295
7.039299964904785, 44.77320098876953, 0.9156521558761597
7.130099773406982, 44.80910110473633, 0.9182353019714355
6.770500183105469, 44.72549819946289, 0.9190697073936462
6.804200172424316, 44.76499938964844, 0.9113157987594604
6.879899978637695, 44.76620101928711, 0.923947274684906
6.519800186157227, 44.54090118408203, 0.9144443869590759
11.122900009155273, 44.16781997680664, 0.9305000305175781
9.347319602966309, 46.47222900390625, 0.9222666621208191
8.42490005493164, 46.870338439941406, 0.9220455288887024
10.3131103515625, 44.76374053955078, 0.9301785826683044
7.964089870452881, 46.05070114135742, 0.9268041253089905
22.273099899291992, 48.93330001831055, 0.8940000534057617
18.139999389648438, 49.834598541259766, 0.9368333220481873
16.322200775146484, 50.35020065307617, 0.9390996694564819
16.8341007232666, 50.09659957885742, 0.931072473526001
17.542800903320312, 49.7765998840332, 0.9376904368400574
21.900699615478516, 47.3848991394043, 0.9197368621826172
19.893400192260742, 47.9182014465332, 0.9291969537734985
13.946900367736816, 50.87480163574219, 0.9347169995307922
17.670700073242188, 48.859100341796875, 0.9397402405738831
16.593299865722656, 49.30839920043945, 0.9347267150878906
20.267000198364258, 47.299598693847656, 0.9205195307731628
7.920929908752441, 47.47611999511719, 0.9154956936836243
10.943599700927734, 45.95949935913086, 0.9264863729476929
8.01247501373291, 47.23088455200195, 0.9194623827934265
9.00825023651123, 46.84675979614258, 0.9381439089775085
9.449560165405273, 46.48318099975586, 0.9325084090232849
11.67388916015625, 45.36166763305664, 0.9059845209121704
7.230100154876709, 47.393638610839844, 0.9193150997161865
7.165249824523926, 47.379268646240234, 0.9221290946006775
8.318863868713379, 46.578147888183594, 0.9322441220283508
6.651700019836426, 47.2484016418457, 0.9258503913879395
6.47298002243042, 46.938011169433594, 0.9216532707214355
7.832230091094971, 46.21651840209961, 0.9254018068313599
8.019579887390137, 46.239620208740234, 0.9342519044876099
6.958740234375, 46.77362823486328, 0.9249366521835327
12.840180397033691, 43.9410514831543, 0.9166468381881714
7.299379825592041, 46.36334991455078, 0.9245535731315613
12.777070045471191, 43.69308853149414, 0.9252902269363403
12.445128440856934, 43.93769454956055, 0.9189583659172058
7.868500232696533, 45.875301361083984, 0.9221531748771667
12.576250076293945, 50.96757125854492, 0.9370689988136292
13.43198013305664, 50.60744857788086, 0.9358333945274353
19.020099639892578, 47.48310089111328, 0.9318409562110901
6.624800205230713, 44.66630172729492, 0.9130303263664246
6.538899898529053, 44.58539962768555, 0.9200000166893005
5.982600212097168, 44.475101470947266, 0.9143332242965698
5.902599811553955, 44.45370101928711, 0.9114286303520203
6.744900226593018, 44.72880172729492, 0.911612868309021
6.56859016418457, 44.65399932861328, 0.9080000519752502
7.332900047302246, 44.9213981628418, 0.9179999232292175
6.357600212097168, 44.50410079956055, 0.9113636016845703
7.900199890136719, 45.50019836425781, 0.9330769181251526
11.003100395202637, 44.86579895019531, 0.9120491743087769
7.134329795837402, 45.45949935913086, 0.936931848526001
7.92710018157959, 45.07389831542969, 0.9024324417114258
2.417099952697754, 42.56019973754883, 0.9221428036689758
11.318695068359375, 49.762203216552734, 0.9301922917366028
12.157329559326172, 50.48522186279297, 0.9367339611053467
7.116000175476074, 44.50680160522461, 0.9132540225982666
11.669965744018555, 49.27092361450195, 0.9325290322303772
11.276800155639648, 48.16389846801758, 0.9249999523162842
13.261639595031738, 48.71900177001953, 0.9103030562400818
10.549500465393066, 46.61640167236328, 0.9377043843269348
12.080909729003906, 50.78982162475586, 0.9283891916275024
8.6628999710083, 46.454811096191406, 0.9226282835006714
8.49236011505127, 47.76449966430664, 0.9252756834030151
8.545169830322266, 44.54132843017578, 0.9247409701347351
8.99940013885498, 42.548301696777344, 0.9228832125663757
9.517390251159668, 44.31624984741211, 0.9078399538993835
9.491772651672363, 47.294437408447266, 0.9182490110397339
10.482099533081055, 44.0260009765625, 0.9139423370361328
10.52495002746582, 43.72193145751953, 0.9322856068611145
10.628600120544434, 45.775299072265625, 0.9038060307502747
11.245789527893066, 43.52357864379883, 0.9287014007568359
11.649700164794922, 46.048179626464844, 0.9290706515312195
12.078700065612793, 46.948001861572266, 0.9246739745140076
13.232205390930176, 49.990966796875, 0.926800012588501
13.369582176208496, 50.252235412597656, 0.9220513701438904
13.251977920532227, 50.174652099609375, 0.921470582485199
13.413519859313965, 49.88896942138672, 0.9250943064689636
13.250880241394043, 49.79983139038086, 0.9185714721679688
13.46918773651123, 49.702980041503906, 0.9280327558517456
13.249469757080078, 49.44272994995117, 0.9455554485321045
13.40762996673584, 48.46699142456055, 0.9471428394317627
13.270039558410645, 46.90861129760742, 0.9221428632736206
7.978079795837402, 49.196678161621094, 0.9157017469406128
8.361000061035156, 45.622501373291016, 0.9239106178283691
7.771659851074219, 46.4155387878418, 0.927253246307373
7.7258100509643555, 47.835418701171875, 0.9232142567634583
7.624179840087891, 46.664878845214844, 0.9187330603599548
7.353600025177002, 48.41267395019531, 0.9152889251708984
7.56820011138916, 45.601898193359375, 0.9303089380264282
7.808199882507324, 44.042598724365234, 0.9228447675704956
7.408390998840332, 46.0810546875, 0.9241621494293213
7.076000213623047, 50.54100036621094, 0.9220151901245117
7.263329982757568, 44.83517074584961, 0.9315714240074158
6.61952018737793, 48.407100677490234, 0.9201087355613708
6.680799961090088, 46.3296012878418, 0.9193618297576904
6.683080196380615, 45.208648681640625, 0.9244700074195862
6.677999973297119, 45.051998138427734, 0.9356250762939453
6.3470001220703125, 48.004398345947266, 0.9192147254943848
6.010799884796143, 47.583499908447266, 0.9229245185852051
6.200399875640869, 45.810699462890625, 0.934666633605957
6.302000045776367, 45.38050079345703, 0.9370370507240295
5.922540187835693, 48.827701568603516, 0.9184445738792419
5.922489166259766, 46.75901412963867, 0.9206438064575195
9.2923002243042, 49.828399658203125, 0.9214239716529846
9.18239974975586, 49.5900993347168, 0.9147682189941406
8.177980422973633, 47.87160873413086, 0.9280427098274231
8.330300331115723, 48.33110046386719, 0.9269421100616455
8.683670043945312, 48.974300384521484, 0.9281531572341919
7.694980144500732, 47.33578109741211, 0.9224025011062622
8.44890022277832, 50.22359848022461, 0.9244692325592041
5.889317035675049, 45.881011962890625, 0.9301630258560181
4.752200126647949, 46.34590148925781, 0.9203265309333801
5.05019998550415, 47.690799713134766, 0.9164743423461914
4.581830024719238, 46.59629821777344, 0.9205882549285889
5.044400215148926, 48.093101501464844, 0.9296342134475708
8.252619743347168, 47.7121696472168, 0.9299999475479126
8.111869812011719, 47.527530670166016, 0.9163002371788025
8.345919609069824, 44.324249267578125, 0.9245508909225464
8.637060165405273, 46.9676513671875, 0.9243019223213196
8.580880165100098, 47.36920928955078, 0.9322972893714905
8.550189018249512, 48.11823654174805, 0.9265444874763489
8.846759796142578, 47.89519119262695, 0.9312323927879333
9.041709899902344, 45.92184066772461, 0.9325832724571228
8.907529830932617, 47.414649963378906, 0.9227971434593201
8.925219535827637, 47.098350524902344, 0.9196350574493408
8.926085472106934, 48.452999114990234, 0.9314349293708801
9.11170768737793, 46.82574462890625, 0.9303039908409119
9.112600326538086, 46.18080139160156, 0.9270269274711609
9.052360534667969, 49.27397155761719, 0.9329680800437927
9.194999694824219, 48.77190017700195, 0.9355805516242981
9.199345588684082, 48.140037536621094, 0.93123859167099
9.45858097076416, 48.443790435791016, 0.9342194199562073
9.568389892578125, 49.044090270996094, 0.9321428537368774
9.879520416259766, 46.78049850463867, 0.9243790507316589
9.892009735107422, 43.42618179321289, 0.9185714721679688
9.710348129272461, 48.06278610229492, 0.9194000363349915
9.72193717956543, 48.753387451171875, 0.933104932308197
9.831130027770996, 48.347747802734375, 0.9351913332939148
10.02309513092041, 46.41363525390625, 0.9339603185653687
10.107099533081055, 47.679901123046875, 0.9144919514656067
9.974411010742188, 49.344669342041016, 0.9372284412384033
10.372179985046387, 46.476158142089844, 0.9300974607467651
10.264323234558105, 47.07034683227539, 0.9296901822090149
10.293357849121094, 47.40696334838867, 0.9286718368530273
7.8630452156066895, 48.93254089355469, 0.923535943031311
9.29259967803955, 44.60710144042969, 0.9214097261428833
8.729640007019043, 49.54595947265625, 0.9307692050933838
9.715999603271484, 45.769718170166016, 0.9227619767189026
9.76099967956543, 46.047298431396484, 0.9250780940055847
10.491499900817871, 43.91416931152344, 0.9163809418678284
9.853652000427246, 44.0498161315918, 0.9019026160240173
10.091650009155273, 50.88759994506836, 0.9194285273551941
11.710740089416504, 50.98160934448242, 0.9186385273933411
12.644989967346191, 50.88901901245117, 0.9349581003189087
10.792140007019043, 50.601951599121094, 0.9306309223175049
11.197799682617188, 50.57606887817383, 0.9242665767669678
12.468440055847168, 50.942691802978516, 0.9296678304672241
11.616100311279297, 50.64609909057617, 0.9337075352668762
12.219639778137207, 50.690799713134766, 0.9352602958679199
11.472229957580566, 50.59226989746094, 0.9365666508674622
11.212300300598145, 50.537471771240234, 0.9257199764251709
11.977129936218262, 50.67063903808594, 0.9302632212638855
12.461000442504883, 50.415000915527344, 0.9327082633972168
3.1110000610351562, 45.76300048828125, 0.9339073896408081
3.621000051498413, 45.970001220703125, 0.9284771680831909
16.590442657470703, 48.728694915771484, 0.9301818013191223
15.161949157714844, 48.348262786865234, 0.9404166340827942
14.649613380432129, 48.30137252807617, 0.9218823313713074
11.849163055419922, 47.75279998779297, 0.9033801555633545
16.2054386138916, 48.37192153930664, 0.9261487126350403
14.139851570129395, 48.10020065307617, 0.9275903105735779
4.461900234222412, 45.99259948730469, 0.9223214387893677
18.464487075805664, 48.80448913574219, 0.9226956367492676
6.9529500007629395, 46.341758728027344, 0.9167264699935913
7.596779823303223, 46.210060119628906, 0.9255038499832153
3.246999979019165, 45.231998443603516, 0.9269880056381226
6.756110191345215, 46.05670166015625, 0.9249122738838196
13.7610502243042, 47.43006896972656, 0.9365367889404297
4.60860013961792, 45.59629821777344, 0.9232330322265625
4.042699813842773, 45.31129837036133, 0.9273437261581421
2.8069000244140625, 44.96950149536133, 0.9310656189918518
10.263550758361816, 46.62033462524414, 0.9358546137809753
5.697244167327881, 45.60931396484375, 0.9227599501609802
11.411800384521484, 46.9281005859375, 0.9285748600959778
16.090360641479492, 47.67754364013672, 0.9406481981277466
7.368800163269043, 46.99776840209961, 0.9245454668998718
16.02029800415039, 48.740379333496094, 0.9180869460105896
4.112500190734863, 46.200801849365234, 0.9189394116401672
6.2654500007629395, 46.53364181518555, 0.9301685690879822
3.693700075149536, 45.50040054321289, 0.926649272441864
17.102500915527344, 48.19609832763672, 0.9113954305648804
12.308426856994629, 47.378902435302734, 0.9345770478248596
11.708999633789062, 47.03779983520508, 0.9240145683288574
12.720905303955078, 47.196800231933594, 0.9350942969322205
2.9721999168395996, 45.4723014831543, 0.9130644798278809
7.644330024719238, 46.374549865722656, 0.922637403011322
7.061009883880615, 45.76974868774414, 0.9307142496109009
10.902799606323242, 46.50680160522461, 0.9138383269309998
10.117073059082031, 45.76357650756836, 0.9198361039161682
6.256063938140869, 47.2469367980957, 0.9247161746025085
11.20989990234375, 45.63779830932617, 0.921170711517334
10.513999938964844, 46.0549201965332, 0.9010127782821655
11.804699897766113, 45.88059997558594, 0.9244318008422852
8.013580322265625, 47.43756866455078, 0.9203274250030518
12.10509967803955, 45.9921989440918, 0.9266777038574219
9.380760192871094, 47.04920959472656, 0.9306344389915466
12.437899589538574, 46.00899887084961, 0.9174444675445557
13.763999938964844, 45.70899963378906, 0.92249995470047
12.047200202941895, 46.282901763916016, 0.932736873626709
10.657925605773926, 43.27324676513672, 0.9009524583816528
10.38640022277832, 44.159400939941406, 0.9360655546188354
10.065799713134766, 44.49129867553711, 0.9221739172935486
8.254739761352539, 47.58771896362305, 0.9155662655830383
7.133999824523926, 47.85100173950195, 0.9198485016822815
7.747000217437744, 45.51266860961914, 0.9204667210578918
6.647200107574463, 47.710689544677734, 0.9199999570846558
7.265329837799072, 45.148170471191406, 0.9247680902481079
7.741950035095215, 49.342620849609375, 0.9272339940071106
10.210652351379395, 42.746578216552734, 0.9223076701164246
8.770000457763672, 45.86769485473633, 0.9307053685188293
8.151169776916504, 46.75680923461914, 0.9195868372917175
7.086450099945068, 47.302669525146484, 0.9182397723197937
9.152999877929688, 42.29800033569336, 0.9161972403526306
7.89316987991333, 43.910499572753906, 0.9210112690925598
8.793700218200684, 42.232601165771484, 0.9253599047660828
18.643600463867188, 46.21500015258789, 0.9389045238494873
5.201019763946533, 47.196998596191406, 0.9032609462738037
18.099899291992188, 46.08829879760742, 0.9357256293296814
12.780400276184082, 46.596580505371094, 0.9338732361793518
3.4983999729156494, 46.91019821166992, 0.9155861735343933
11.880499839782715, 46.62459945678711, 0.9240763187408447
3.9328999519348145, 46.56039810180664, 0.921999990940094
14.54889965057373, 46.50920104980469, 0.9317361116409302
12.972900390625, 46.55839920043945, 0.9122321009635925
13.645000457763672, 46.173301696777344, 0.9228571057319641
13.633600234985352, 45.98749923706055, 0.9169342517852783
14.551553726196289, 46.93317413330078, 0.9371237754821777
14.007369995117188, 46.81589889526367, 0.9324056506156921
12.44480037689209, 46.31159973144531, 0.9261363744735718
6.220211029052734, 46.15423583984375, 0.9306122064590454
11.358550071716309, 44.05427932739258, 0.9273868799209595
8.110509872436523, 46.435211181640625, 0.926106870174408
16.7544002532959, 45.61349868774414, 0.9189655184745789
11.072099685668945, 45.64680099487305, 0.9281679391860962
4.0665998458862305, 45.71780014038086, 0.9188889861106873
15.764399528503418, 44.52790069580078, 0.9179412126541138
5.8046698570251465, 45.060787200927734, 0.9315714240074158
15.5859956741333, 47.60398483276367, 0.9348387122154236
4.586900234222412, 44.506900787353516, 0.9270000457763672
4.7916998863220215, 43.5005989074707, 0.9053703546524048
6.233500003814697, 43.20009994506836, 0.9153152108192444
12.206999778747559, 49.76689910888672, 0.9389157295227051
5.732580184936523, 48.002498626708984, 0.9146665930747986
8.748279571533203, 46.59511947631836, 0.9323230981826782
5.232260227203369, 45.43069839477539, 0.9195200204849243
9.123100280761719, 47.75279998779297, 0.911793053150177
8.951199531555176, 44.47119903564453, 0.9082291722297668
6.790830135345459, 44.92082977294922, 0.9254355430603027
6.401518821716309, 45.03680419921875, 0.932684600353241
6.502299785614014, 44.3932991027832, 0.9174286723136902
6.60099983215332, 43.21969985961914, 0.9228342771530151
4.53410005569458, 47.94670104980469, 0.930598258972168
9.4833402633667, 49.39802169799805, 0.9293617606163025
10.038399696350098, 49.00709915161133, 0.9205690622329712
10.761199951171875, 50.00189971923828, 0.934290885925293
15.707297325134277, 43.86601638793945, 0.9098333120346069
16.556699752807617, 47.68069839477539, 0.9434374570846558
15.077621459960938, 47.74366760253906, 0.9258536100387573
18.26059913635254, 47.36309814453125, 0.9330645203590393
3.8589000701904297, 47.2682991027832, 0.9247138500213623
12.795714378356934, 47.73716735839844, 0.9209091067314148
4.147980213165283, 46.98160171508789, 0.9276120066642761
3.4474000930786133, 46.37810134887695, 0.9334882497787476
17.534799575805664, 47.171199798583984, 0.9344791769981384
13.34469985961914, 47.078399658203125, 0.9328036904335022
13.513699531555176, 46.54800033569336, 0.920765221118927
17.795379638671875, 46.4244499206543, 0.923988401889801
16.4554500579834, 46.131168365478516, 0.9356382489204407
4.451600074768066, 44.891998291015625, 0.9275459051132202
6.112329959869385, 44.81517028808594, 0.9267691969871521
17.84819984436035, 45.43560028076172, 0.9351127743721008
4.156300067901611, 44.368900299072266, 0.9223193526268005
4.317890167236328, 47.64390182495117, 0.9221332669258118
7.977640151977539, 46.99300003051758, 0.9178698062896729
12.512299537658691, 46.747398376464844, 0.9245505928993225
13.275500297546387, 46.25382995605469, 0.9096428751945496
20.725799560546875, 46.350101470947266, 0.9318279027938843
15.825347900390625, 46.756568908691406, 0.9306584000587463
17.31485939025879, 46.64078140258789, 0.9387500286102295
16.77549934387207, 46.470298767089844, 0.9261333346366882
17.816099166870117, 45.91630172729492, 0.915421724319458
17.513900756835938, 45.10260009765625, 0.9128571152687073
11.17240047454834, 45.30820083618164, 0.9377143979072571
9.930700302124023, 45.405601501464844, 0.9210000038146973
16.90690040588379, 45.01250076293945, 0.9328466653823853
14.910599708557129, 45.08399963378906, 0.911466658115387
14.15487003326416, 45.03605270385742, 0.9113699793815613
5.743899822235107, 45.24129867553711, 0.9152941703796387
8.494099617004395, 48.65386962890625, 0.9198648929595947
9.336009979248047, 47.564300537109375, 0.9244531393051147
12.620992660522461, 45.619781494140625, 0.9197436571121216
16.531299591064453, 44.4818000793457, 0.9313414096832275
12.318220138549805, 45.34427261352539, 0.925000011920929
8.28849983215332, 45.237998962402344, 0.9233332872390747
10.58810043334961, 44.35047149658203, 0.9246909022331238
6.16349983215332, 42.794830322265625, 0.8785713911056519
3.958699941635132, 44.10540008544922, 0.9296000003814697
2.2174999713897705, 43.34109878540039, 0.9260270595550537
5.549890041351318, 44.429100036621094, 0.9090323448181152
7.908899784088135, 44.539100646972656, 0.9246464967727661
8.237199783325195, 44.20750045776367, 0.9237301349639893
11.707266807556152, 44.07746124267578, 0.9397618174552917
11.766570091247559, 44.22454071044922, 0.934571385383606
12.580582618713379, 43.61082458496094, 0.9310829639434814
9.447819709777832, 44.767921447753906, 0.9196922183036804
5.14762020111084, 44.37120056152344, 0.9119355082511902
6.254799842834473, 43.3827018737793, 0.9153913259506226
7.890960216522217, 48.61153030395508, 0.9354761838912964
8.481800079345703, 46.008201599121094, 0.9107317328453064
7.326000213623047, 44.24549865722656, 0.9254400134086609
6.62451696395874, 45.68820571899414, 0.9295239448547363
6.116734981536865, 45.20571517944336, 0.9442858099937439
5.571813106536865, 46.04478454589844, 0.9234999418258667
5.801323890686035, 45.06448745727539, 0.9272608757019043
5.880000114440918, 44.91830062866211, 0.9329877495765686
5.096536159515381, 44.850135803222656, 0.9153846502304077
5.072800159454346, 45.12089920043945, 0.9084998965263367
10.152999877929688, 44.16600036621094, 0.9041781425476074
8.59628963470459, 49.39860153198242, 0.9382352828979492
8.49213981628418, 48.989349365234375, 0.9257638454437256
17.33169937133789, 47.41619873046875, 0.926111102104187
12.44789981842041, 50.23310089111328, 0.9358959794044495
11.320500373840332, 46.72850036621094, 0.9267227053642273
13.173500061035156, 49.468299865722656, 0.9338487982749939
5.332499980926514, 43.49169921875, 0.9182353019714355
14.732589721679688, 48.63481140136719, 0.9314802289009094
7.890399932861328, 47.03049850463867, 0.9479999542236328
13.641599655151367, 46.62990188598633, 0.9345160722732544
13.750528335571289, 44.90593338012695, 0.9097499847412109
5.806072235107422, 45.06951141357422, 0.9301449656486511
11.789299964904785, 43.79669952392578, 0.9278261661529541
18.33592414855957, 48.44694519042969, 0.9220070242881775
10.677129745483398, 50.76264953613281, 0.9246987700462341
10.968999862670898, 49.452301025390625, 0.9218786954879761
11.221719741821289, 49.69188690185547, 0.9333985447883606
11.435871124267578, 49.56540298461914, 0.9373076558113098
12.268110275268555, 50.8297004699707, 0.9426544904708862
11.690299987792969, 49.8213996887207, 0.9246840476989746
12.10830020904541, 49.98619842529297, 0.9392698407173157
10.97950553894043, 43.795597076416016, 0.922690749168396
8.833800315856934, 45.36600112915039, 0.9033333659172058
5.319509983062744, 46.74689865112305, 0.9208219051361084
4.744200229644775, 46.956520080566406, 0.918780505657196
11.436307907104492, 47.552188873291016, 0.9066463708877563
15.501799583435059, 46.46099853515625, 0.94022136926651
14.443400382995605, 45.93479919433594, 0.920172393321991
15.972999572753906, 45.909000396728516, 0.8877193331718445
15.251799583435059, 45.50429916381836, 0.9294853210449219
22.539100646972656, 48.130401611328125, 0.934319019317627
21.46139907836914, 48.902198791503906, 0.9211267828941345
19.018600463867188, 47.84519958496094, 0.904285728931427
7.924290180206299, 48.89356994628906, 0.9285714030265808
7.882780075073242, 48.921260833740234, 0.9373846054077148
7.758909225463867, 49.03389358520508, 0.9247221946716309
7.867819786071777, 48.27851104736328, 0.9206047058105469
6.853919982910156, 48.72480010986328, 0.9164285659790039
6.619515895843506, 48.40713882446289, 0.924534797668457
7.839900016784668, 44.241600036621094, 0.9219827055931091
6.379849910736084, 48.88199996948242, 0.9243858456611633
7.5569000244140625, 43.782501220703125, 0.9239814877510071
7.420330047607422, 44.226661682128906, 0.9173387885093689
6.08404016494751, 48.43119812011719, 0.9259259104728699
16.145700454711914, 49.85279846191406, 0.9315987229347229
2.8004000186920166, 43.60060119628906, 0.9154999852180481
2.876199960708618, 42.48350143432617, 0.9249582886695862
7.320079803466797, 44.5620002746582, 0.9177142381668091
13.273300170898438, 47.81880187988281, 0.9318181872367859
13.454700469970703, 49.528865814208984, 0.9417809247970581
13.430031776428223, 50.430625915527344, 0.8600000143051147
13.426079750061035, 47.54851150512695, 0.9200000166893005
11.560846328735352, 49.468936920166016, 0.9449355602264404
14.149399757385254, 49.616798400878906, 0.940592885017395
14.54170036315918, 49.98830032348633, 0.9401204586029053
16.012100219726562, 50.50740051269531, 0.9432747960090637
15.034099578857422, 50.075199127197266, 0.9269424676895142
11.450719833374023, 48.501773834228516, 0.9308139681816101
14.433099746704102, 50.0703010559082, 0.934848427772522
11.585822105407715, 48.890174865722656, 0.9288697242736816
13.530900001525879, 49.67150115966797, 0.9331088066101074
10.93339729309082, 48.523048400878906, 0.9349350333213806
11.676733016967773, 49.11212921142578, 0.9295833110809326
11.521349906921387, 48.99616622924805, 0.9296626448631287
11.52627182006836, 49.08674621582031, 0.9306310415267944
12.383199691772461, 49.3489990234375, 0.9334169626235962
10.546854019165039, 49.12593078613281, 0.9234984517097473
13.431699752807617, 50.607200622558594, 0.9365160465240479
7.254295825958252, 47.68343734741211, 0.9304937720298767
16.44879913330078, 43.1776008605957, 0.9137500524520874
5.479899883270264, 47.496700286865234, 0.9274999499320984
4.579349994659424, 47.30550003051758, 0.9218868017196655
7.276519775390625, 47.965736389160156, 0.9201530814170837
10.595600128173828, 44.062801361083984, 0.9145528078079224
11.290169715881348, 43.47311019897461, 0.9173913598060608
7.716818809509277, 48.5159912109375, 0.9290322065353394
5.799339771270752, 47.99290084838867, 0.9179807901382446
18.382360458374023, 47.6385612487793, 0.9176161885261536
17.887699127197266, 46.90010070800781, 0.9183672666549683
17.78976058959961, 48.24430465698242, 0.9107142686843872
17.674728393554688, 48.604393005371094, 0.9162251949310303
16.7055606842041, 47.28342056274414, 0.928718090057373
16.395200729370117, 49.0619010925293, 0.939329981803894
15.624500274658203, 46.010799407958984, 0.9291882514953613
15.469499588012695, 46.14950180053711, 0.9333194494247437
15.700699806213379, 48.94340133666992, 0.9326262474060059
14.839300155639648, 45.80329895019531, 0.9269635081291199
14.810099601745605, 45.53110122680664, 0.9286347031593323
7.158960819244385, 48.216312408447266, 0.9162500500679016
5.515230178833008, 48.44169998168945, 0.9232308268547058
14.309499740600586, 48.81990051269531, 0.940000057220459
15.60770034790039, 49.695899963378906, 0.9259923100471497
6.073299884796143, 44.37009811401367, 0.9016364216804504
11.718799591064453, 47.979698181152344, 0.9233050346374512
14.07390022277832, 49.27050018310547, 0.9285489916801453
11.003358840942383, 47.68364715576172, 0.9141121506690979
12.977643966674805, 48.53004837036133, 0.9269565343856812
2.0403571128845215, 42.387611389160156, 0.9301738739013672
12.88029956817627, 49.144798278808594, 0.9342978000640869
3.260200023651123, 43.502498626708984, 0.9215294122695923
10.623459815979004, 47.83326721191406, 0.9220097661018372
15.958719253540039, 47.40858840942383, 0.9411916732788086
12.86709976196289, 47.740501403808594, 0.9180247187614441
15.6274995803833, 45.8671989440918, 0.9262500405311584
13.233099937438965, 49.991600036621094, 0.9305955767631531
11.021613121032715, 49.11613845825195, 0.9181034564971924
5.806700229644775, 43.588199615478516, 0.908598780632019
5.609899997711182, 43.24129867553711, 0.9215789437294006
10.213199615478516, 49.847801208496094, 0.9264464974403381
6.777500152587891, 44.109500885009766, 0.9274567365646362
6.407400131225586, 43.747100830078125, 0.9213829636573792
7.631581783294678, 48.30230712890625, 0.9287500381469727
7.484303951263428, 48.65874099731445, 0.9311110973358154
4.892047882080078, 44.905696868896484, 0.9344444274902344
4.575260162353516, 44.5005989074707, 0.9107692241668701
7.3637518882751465, 48.83262634277344, 0.9225836992263794
7.908559799194336, 49.649940490722656, 0.9362068772315979
14.41648006439209, 47.5207405090332, 0.9390960335731506
12.677000045776367, 47.42430114746094, 0.9285839796066284
17.92382049560547, 47.431270599365234, 0.931395411491394
13.125996589660645, 47.479740142822266, 0.9410050511360168
10.000980377197266, 50.81877136230469, 0.9447747468948364
10.296984672546387, 48.72885513305664, 0.9304724335670471
18.999038696289062, 48.23333740234375, 0.9358403086662292
14.758902549743652, 47.947998046875, 0.9198374152183533
13.561200141906738, 47.827701568603516, 0.91280198097229
12.391496658325195, 47.86933517456055, 0.9301427602767944
16.527610778808594, 46.86418914794922, 0.9213223457336426
11.377799987792969, 46.4630012512207, 0.921500027179718
15.113900184631348, 46.63650131225586, 0.9362806081771851
16.404695510864258, 44.0048828125, 0.9188571572303772
12.615400314331055, 46.14950180053711, 0.9257862567901611
14.261300086975098, 46.0806999206543, 0.9201116561889648
15.65218734741211, 48.3686637878418, 0.9430705308914185
12.710399627685547, 46.260101318359375, 0.9274374842643738
11.918863296508789, 47.4642333984375, 0.9210526347160339
10.402172088623047, 48.36372375488281, 0.9142007231712341
7.122660160064697, 48.96674346923828, 0.925151526927948
5.922544002532959, 48.8277473449707, 0.9266992211341858
16.079254150390625, 47.07332992553711, 0.9284523725509644
18.96540069580078, 46.74440002441406, 0.9217780232429504
16.007692337036133, 47.3907585144043, 0.9206666350364685
11.80598258972168, 49.34354019165039, 0.9403601288795471
13.262923240661621, 49.604469299316406, 0.9332000017166138
13.437910079956055, 49.15536880493164, 0.8988462090492249
11.318499565124512, 46.495201110839844, 0.8997142910957336
15.623055458068848, 44.878387451171875, 0.9335634112358093
5.074699878692627, 45.94269943237305, 0.9260714650154114
9.494400024414062, 42.50410079956055, 0.9166666865348816
11.570799827575684, 50.16740036010742, 0.9230419993400574
11.651952743530273, 49.39134979248047, 0.9370763897895813
13.354000091552734, 46.407501220703125, 0.9243955612182617
18.264720916748047, 46.525611877441406, 0.9245535731315613
15.467266082763672, 45.61526870727539, 0.8620407581329346
3.13100004196167, 46.051998138427734, 0.9318867921829224
7.70989990234375, 44.85340118408203, 0.912571370601654
6.964049816131592, 42.17839813232422, 0.9550000429153442
6.963832855224609, 41.71023178100586, 0.8799999952316284
10.54259967803955, 49.517799377441406, 0.9225531816482544
10.818699836730957, 45.68299865722656, 0.893333375453949
11.375542640686035, 48.8675651550293, 0.9349363446235657
12.213800430297852, 49.03710174560547, 0.9336678981781006
10.733358383178711, 48.165077209472656, 0.9223889112472534
16.889299392700195, 49.704898834228516, 0.9254703521728516
14.993639945983887, 48.93336868286133, 0.93860924243927
5.810400009155273, 47.10419845581055, 0.9048275351524353
13.078749656677246, 46.909141540527344, 0.9259063601493835
12.500499725341797, 46.0265998840332, 0.8945945501327515
13.148099899291992, 46.54909896850586, 0.9095651507377625
14.014300346374512, 45.5463981628418, 0.9212057590484619
13.306320190429688, 48.122989654541016, 0.9381333589553833
13.995759963989258, 47.10295104980469, 0.9435713887214661
13.873700141906738, 50.03770065307617, 0.9351324439048767
8.066169738769531, 44.1121711730957, 0.862500011920929
13.700627326965332, 48.844303131103516, 0.9297484159469604
14.284500122070312, 48.86399841308594, 0.9230303168296814
14.070719718933105, 48.460819244384766, 0.9309000372886658
15.487099647521973, 49.2947998046875, 0.9329239726066589
13.243800163269043, 46.23400115966797, 0.9266504645347595
13.13860034942627, 46.275001525878906, 0.9255881309509277
3.9367001056671143, 44.600101470947266, 0.9210568070411682
17.291099548339844, 49.430301666259766, 0.9371428489685059
11.221278190612793, 47.91083526611328, 0.925208330154419
16.196199417114258, 49.43920135498047, 0.9333630800247192
14.70740032196045, 49.22880172729492, 0.9253603219985962
13.194299697875977, 48.86970138549805, 0.9377725124359131
15.650199890136719, 50.06100082397461, 0.9220207333564758
10.817123413085938, 48.7907600402832, 0.9217059016227722
17.091999053955078, 49.152099609375, 0.9346017837524414
12.083385467529297, 48.098079681396484, 0.9255357384681702
5.800300121307373, 46.36199951171875, 0.9206977486610413
12.46049976348877, 48.47800064086914, 0.9163333773612976
9.909799575805664, 44.89390182495117, 0.9124323725700378
10.524299621582031, 45.61830139160156, 0.9106666445732117
9.36299991607666, 42.952999114990234, 0.9270731210708618
12.419910430908203, 43.5584602355957, 0.9353846311569214
11.424799919128418, 44.312801361083984, 0.9128572344779968
7.391900062561035, 43.97489929199219, 0.9153333306312561
7.3744001388549805, 43.83100128173828, 0.9015384912490845
8.184800148010254, 49.219200134277344, 0.9190566539764404
15.994170188903809, 45.82944107055664, 0.9307843446731567
7.156499862670898, 45.837799072265625, 0.9245347380638123
5.767499923706055, 43.987998962402344, 0.9242857098579407
11.359443664550781, 49.655208587646484, 0.9391025900840759
6.539744853973389, 44.787841796875, 0.9299999475479126
12.691100120544434, 49.74190139770508, 0.9365725517272949
4.188499927520752, 43.69269943237305, 0.8744068741798401
3.3397998809814453, 44.73429870605469, 0.9258729815483093
13.49746036529541, 48.427188873291016, 0.9324679970741272
10.199769020080566, 48.01939392089844, 0.9202778339385986
15.299395561218262, 46.94844436645508, 0.9416393041610718
5.849967002868652, 41.715301513671875, 0.9200000166893005
9.383700370788574, 45.13710021972656, 0.9302778244018555
17.65587615966797, 47.829402923583984, 0.9173437356948853
9.195483207702637, 43.453731536865234, 0.8844444751739502
13.5649995803833, 46.44279861450195, 0.9338071346282959
15.528793334960938, 48.71624755859375, 0.9459184408187866
9.522120475769043, 47.81022262573242, 0.9239473938941956
15.085606575012207, 47.4456672668457, 0.9327835440635681
4.1476898193359375, 46.98210144042969, 0.9202039837837219
5.264679908752441, 46.410099029541016, 0.92166668176651
6.304580211639404, 45.68769836425781, 0.9251850843429565
15.053954124450684, 44.29249572753906, 0.9356250166893005
10.756999969482422, 44.04499816894531, 0.9190999865531921
2.4830000400543213, 45.749000549316406, 0.9237313270568848
2.562999963760376, 45.3849983215332, 0.9300861954689026
3.6882998943328857, 43.74380111694336, 0.9188463091850281
10.898699760437012, 44.887298583984375, 0.9137930870056152
3.5378000736236572, 44.31930160522461, 0.9243046641349792
3.0899999141693115, 43.1349983215332, 0.9172455668449402
3.221364974975586, 43.9698371887207, 0.9338157773017883
6.0381999015808105, 48.26219940185547, 0.9229333400726318
11.946599960327148, 48.702598571777344, 0.9122041463851929
14.38070011138916, 45.527801513671875, 0.9114024639129639
14.569000244140625, 50.5281982421875, 0.9302272200584412
14.928799629211426, 49.683998107910156, 0.9234468340873718
14.136727333068848, 48.21306228637695, 0.9417241215705872
18.22093963623047, 49.15011215209961, 0.9257321953773499
12.881400108337402, 46.45690155029297, 0.927407443523407
13.249130249023438, 46.73320007324219, 0.9239473938941956
12.23859977722168, 43.64860153198242, 0.9309614300727844
13.252626419067383, 50.510658264160156, 0.9332143068313599
13.427740097045898, 48.64181900024414, 0.9290624856948853
13.436059951782227, 47.91304016113281, 0.933636486530304
13.430695533752441, 47.727840423583984, 0.9231579303741455
13.26140022277832, 47.63600158691406, 0.9423999786376953
13.437299728393555, 47.367740631103516, 0.9408695101737976
13.252610206604004, 47.273101806640625, 0.9356249570846558
13.4193696975708, 47.18601989746094, 0.9317073225975037
13.435199737548828, 47.00957107543945, 0.9276667237281799
13.437840461730957, 46.840511322021484, 0.93233323097229
13.265700340270996, 46.20199966430664, 0.9387999773025513
13.414739608764648, 46.633941650390625, 0.9304761290550232
13.269800186157227, 46.379600524902344, 0.9263635873794556
13.258299827575684, 45.841800689697266, 0.9275757670402527
13.42080020904541, 45.75519943237305, 0.9118605256080627
13.4375, 46.462799072265625, 0.9331250190734863
13.432000160217285, 46.129398345947266, 0.9757142066955566
13.248590469360352, 47.45405960083008, 0.9464516043663025
13.213459968566895, 47.1044807434082, 0.9432000517845154
5.0192670822143555, 42.17824935913086, 0.8819999694824219
15.406257629394531, 48.06350326538086, 0.9228985905647278
5.213200092315674, 46.385799407958984, 0.9229629635810852
13.736800193786621, 46.22809982299805, 0.9296172857284546
15.456899642944336, 45.82600021362305, 0.9354724287986755
14.422100067138672, 45.73809814453125, 0.9216582179069519
8.104039192199707, 48.955970764160156, 0.9289705753326416
8.352700233459473, 44.849300384521484, 0.903124988079071
11.255133628845215, 43.77436447143555, 0.9233333468437195
11.951669692993164, 43.61888122558594, 0.924714207649231
12.987700462341309, 46.24079895019531, 0.911818265914917
16.25040054321289, 46.44810104370117, 0.934516191482544
18.482030868530273, 46.94630813598633, 0.9309090971946716
14.527799606323242, 46.043800354003906, 0.9269564747810364
14.997699737548828, 46.06119918823242, 0.9310434460639954
7.61329984664917, 45.25450134277344, 0.8814999461174011
5.088972091674805, 45.15391540527344, 0.9149180054664612
11.275065422058105, 48.16290283203125, 0.9258415102958679
13.999899864196777, 46.31740188598633, 0.9334730505943298
13.887700080871582, 46.03219985961914, 0.930239200592041
7.51781702041626, 42.879615783691406, 0.8949999809265137
13.578200340270996, 49.13090133666992, 0.9329869747161865
11.923008918762207, 48.307254791259766, 0.9227827191352844
13.801300048828125, 45.65869903564453, 0.9134884476661682
12.033500671386719, 45.01673889160156, 0.9333333373069763
13.098400115966797, 46.31949996948242, 0.9186567664146423
13.001099586486816, 46.41419982910156, 0.924688994884491
14.482799530029297, 45.32509994506836, 0.9153659343719482
12.741900444030762, 46.42580032348633, 0.918749988079071
7.553199768066406, 43.986000061035156, 0.9072222113609314
7.236599922180176, 44.05580139160156, 0.9091666340827942
7.131199836730957, 43.54790115356445, 0.9266665577888489
6.811695098876953, 44.480934143066406, 0.9215093851089478
6.045000076293945, 43.95100021362305, 0.9314285516738892
18.83609962463379, 48.49399948120117, 0.9315924048423767
17.827800750732422, 49.365501403808594, 0.9305789470672607
16.120698928833008, 48.3784294128418, 0.9347368478775024
5.124100208282471, 48.61520004272461, 0.9315305948257446
15.0246000289917, 46.434200286865234, 0.9365217685699463
13.509400367736816, 46.24449920654297, 0.9175158739089966
14.871199607849121, 44.563499450683594, 0.8944776058197021
14.782103538513184, 44.75042724609375, 0.8949999809265137
14.064299583435059, 45.89339828491211, 0.9262500405311584
14.443300247192383, 46.29410171508789, 0.9301708936691284
18.352506637573242, 48.01515579223633, 0.9176811575889587
5.858316898345947, 42.17826843261719, 0.8383333086967468
17.28968048095703, 46.159671783447266, 0.924777090549469
13.253890037536621, 46.56412887573242, 0.9292856454849243
13.216500282287598, 49.098201751708984, 0.9217647314071655
13.482500076293945, 48.97119903564453, 0.9202778339385986
13.298089981079102, 48.88956832885742, 0.9129630327224731
13.419219970703125, 48.80369186401367, 0.9219046831130981
7.42468786239624, 43.730342864990234, 0.9033333659172058
13.25879955291748, 50.354469299316406, 0.9322916865348816
13.287759780883789, 48.35689926147461, 0.9156521558761597
13.400899887084961, 46.30690002441406, 0.9330769181251526
12.64210033416748, 48.833099365234375, 0.9255000352859497
10.976499557495117, 44.35084915161133, 0.8854999542236328
13.274129867553711, 48.53099060058594, 0.8927586674690247
13.264581680297852, 48.00172805786133, 0.9285184144973755
13.414106369018555, 49.36481857299805, 0.9380555748939514
13.219319343566895, 49.26422882080078, 0.9237735867500305
14.701399803161621, 46.101600646972656, 0.9242708086967468
8.913603782653809, 44.867305755615234, 0.8866666555404663
9.506600379943848, 42.502899169921875, 0.9200000166893005
3.6630001068115234, 45.01070022583008, 0.9110416769981384
2.7193000316619873, 43.97520065307617, 0.9202300310134888
5.589099884033203, 44.7932014465332, 0.9180000424385071
9.229866981506348, 43.85031509399414, 0.8837500214576721
2.869499921798706, 44.32460021972656, 0.9184260368347168
16.397062301635742, 47.96287536621094, 0.9185713529586792
7.1529998779296875, 43.895999908447266, 0.9155555367469788
5.106400012969971, 43.93769836425781, 0.9170587658882141
8.762999534606934, 41.92789840698242, 0.9157142639160156
13.42193603515625, 50.07329177856445, 0.9374603033065796
13.294500350952148, 46.01359939575195, 0.9207894206047058
13.433600425720215, 48.28030014038086, 0.9195237755775452
13.44778823852539, 48.09000778198242, 0.929615318775177
13.263299942016602, 48.186100006103516, 0.9393332600593567
13.402000427246094, 45.92539978027344, 0.9515385031700134
12.476659774780273, 48.50943374633789, 0.9357861876487732
5.589200019836426, 44.792999267578125, 0.9342857599258423
4.541999816894531, 45.27899932861328, 0.926421046257019
7.763299942016602, 48.579898834228516, 0.9373685121536255
19.130977630615234, 46.32795715332031, 0.9278872609138489
7.617472171783447, 44.1164436340332, 0.9030000567436218
20.50632095336914, 49.96980285644531, 0.9273684024810791
19.52794075012207, 49.91819381713867, 0.9187878966331482
20.29960060119629, 49.4182014465332, 0.9277586340904236
18.804460525512695, 49.474369049072266, 0.920947253704071
21.173999786376953, 48.91368103027344, 0.941111147403717
19.712610244750977, 48.56895065307617, 0.929900050163269
19.138029098510742, 48.86676025390625, 0.9150000810623169
20.524999618530273, 48.12220001220703, 0.9338172078132629
22.896892547607422, 50.021671295166016, 0.9228124618530273
22.707500457763672, 49.63140106201172, 0.9399999976158142
22.404111862182617, 49.943115234375, 0.9161538481712341
22.684219360351562, 49.0638542175293, 0.9300000667572021
22.117162704467773, 50.22996520996094, 0.9342105388641357
21.929433822631836, 50.57916259765625, 0.9192683696746826
17.923799514770508, 47.43130111694336, 0.9392436742782593
18.382400512695312, 47.63859939575195, 0.9192143082618713
20.94424057006836, 50.283042907714844, 0.9238541126251221
20.301109313964844, 49.60079574584961, 0.9275489449501038
20.073678970336914, 49.835914611816406, 0.9301923513412476
21.721269607543945, 48.619930267333984, 0.9317647218704224
20.23390007019043, 49.18939971923828, 0.9261537790298462
19.870643615722656, 49.558353424072266, 0.9228000044822693
21.239700317382812, 48.29610061645508, 0.9397058486938477
21.9143009185791, 47.981201171875, 0.9165573716163635
19.894731521606445, 49.295719146728516, 0.9402632713317871
17.69436264038086, 50.14423751831055, 0.9254205226898193
12.923999786376953, 46.244998931884766, 0.9125000238418579
20.537399291992188, 48.49549865722656, 0.9346763491630554
19.004289627075195, 49.72382736206055, 0.9368054866790771
21.158992767333984, 46.90980529785156, 0.9482052326202393
19.599700927734375, 47.90380096435547, 0.9261223673820496
5.549891948699951, 44.42909240722656, 0.8925454020500183
19.79840087890625, 50.21950149536133, 0.9305479526519775
21.136999130249023, 47.55179977416992, 0.9187691807746887
2.5541200637817383, 44.76055145263672, 0.9233334064483643
22.13702392578125, 49.593841552734375, 0.9111765027046204
21.476158142089844, 50.23102951049805, 0.9318917989730835
21.35547637939453, 50.5923957824707, 0.9330207705497742
20.249584197998047, 47.638954162597656, 0.9119299054145813
20.511409759521484, 48.70615005493164, 0.9293181896209717
19.477699279785156, 46.8120002746582, 0.9474024772644043
18.861059188842773, 49.17449951171875, 0.9380373358726501
19.30389976501465, 49.45481872558594, 0.9257692098617554
19.142709732055664, 48.50925827026367, 0.9342857003211975
19.467790603637695, 49.15053176879883, 0.9328873157501221
19.17382049560547, 50.19021987915039, 0.9253332614898682
20.323381423950195, 50.23389434814453, 0.8991666436195374
17.277000427246094, 48.37300109863281, 0.9268421530723572
21.889923095703125, 49.904537200927734, 0.8980000019073486
19.62019920349121, 47.344600677490234, 0.9053846597671509
20.18783950805664, 48.84851837158203, 0.9378620982170105
19.72902488708496, 46.33294677734375, 0.933150589466095
19.75251007080078, 48.92470169067383, 0.9375410676002502
22.67662239074707, 50.37629699707031, 0.9307692050933838
12.597187042236328, 48.12194061279297, 0.926842212677002
16.05470085144043, 50.58810043334961, 0.9390909075737
20.5674991607666, 46.71229934692383, 0.9188462495803833
9.284700393676758, 42.09450149536133, 0.9139999151229858
6.921800136566162, 43.75279998779297, 0.8983333706855774
2.1064000129699707, 42.903099060058594, 0.9336363077163696
2.104599952697754, 42.714900970458984, 0.9559999704360962
16.215599060058594, 50.55649948120117, 0.940000057220459
7.050000190734863, 44.183998107910156, 0.9228571653366089
6.225299835205078, 44.10929870605469, 0.9099999666213989
5.6433000564575195, 43.800899505615234, 0.9025000333786011
19.018600463867188, 47.84519958496094, 0.9313042759895325
6.074036121368408, 44.37030029296875, 0.8981081247329712
20.699569702148438, 49.315460205078125, 0.9301695227622986
19.99420928955078, 48.317501068115234, 0.9253846406936646
22.120824813842773, 49.25984191894531, 0.9376923441886902
21.40521240234375, 49.64167022705078, 0.942105233669281
21.23941993713379, 49.20663070678711, 0.9306817650794983
21.069612503051758, 49.87936019897461, 0.9238461852073669
21.24357032775879, 49.41712188720703, 0.9195120930671692
21.60923957824707, 49.21382141113281, 0.9028571248054504
18.312484741210938, 50.1667366027832, 0.9381481409072876
20.74275016784668, 49.00056838989258, 0.9238000512123108
17.148597717285156, 46.95209884643555, 0.9243999123573303
18.834196090698242, 47.15475082397461, 0.9215999841690063
4.5279998779296875, 44.05149841308594, 0.9212499856948853
14.786999702453613, 49.91400146484375, 0.9269841909408569
7.516716957092285, 43.348182678222656, 0.9285714030265808
5.30364990234375, 42.41156768798828, 0.8916666507720947
5.30049991607666, 42.879329681396484, 0.898888885974884
5.8566670417785645, 42.64666748046875, 0.8349999785423279
4.744832992553711, 41.6475830078125, 0.9033333659172058
17.104103088378906, 48.715572357177734, 0.8806666135787964
7.980916976928711, 42.17789840698242, 0.824999988079071
4.796800136566162, 48.31800079345703, 0.8600000143051147
7.7837371826171875, 48.65254592895508, 0.9049999713897705
12.975000381469727, 48.29280090332031, 0.9097298383712769
16.266399383544922, 45.12860107421875, 0.8666666150093079
12.945500373840332, 48.537899017333984, 0.9360000491142273
16.6152286529541, 48.31753158569336, 0.940000057220459
9.522241592407227, 47.81023025512695, 0.9575000405311584
11.999199867248535, 48.699798583984375, 0.9461111426353455
10.792200088500977, 50.00299835205078, 0.9620000123977661
9.96992015838623, 49.354190826416016, 0.9300000071525574
13.99530029296875, 49.68560028076172, 0.800000011920929
6.137499809265137, 44.460899353027344, 0.9317241907119751
6.236199855804443, 44.46929931640625, 0.9160000681877136
5.714399814605713, 44.429500579833984, 0.8968421816825867
4.913899898529053, 44.28730010986328, 0.9068750143051147
5.186500072479248, 43.92850112915039, 0.9099999666213989
4.799099922180176, 44.25619888305664, 0.8956249952316284
6.684800148010254, 44.66419982910156, 0.9251723885536194
6.0559000968933105, 44.459598541259766, 0.9340000152587891
8.542499542236328, 45.04410171508789, 0.8700000643730164
5.14769983291626, 44.37099838256836, 0.9458334445953369
5.387199878692627, 44.38240051269531, 0.9190908670425415
7.7484002113342285, 45.01860046386719, 0.8992856740951538
6.923699855804443, 44.7953987121582, 0.9131706953048706
5.027500152587891, 44.32440185546875, 0.8809999227523804
5.43179988861084, 44.7135009765625, 0.9385714530944824
5.794000148773193, 44.43730163574219, 0.893333375453949
8.04259967803955, 45.08660125732422, 0.9228571057319641
8.172900199890137, 45.0989990234375, 0.8819999694824219
8.317299842834473, 45.092201232910156, 0.887499988079071
7.081399917602539, 44.79819869995117, 0.9149999618530273
7.496699810028076, 45.03499984741211, 0.9300000071525574
6.314000129699707, 44.47710037231445, 0.9226315021514893
6.45550012588501, 44.5005989074707, 0.8923529386520386
7.792799949645996, 45.07229995727539, 0.9233333468437195
6.79000997543335, 45.221500396728516, 0.9476922750473022
5.517000198364258, 44.410499572753906, 0.8928570747375488
8.513699531555176, 45.57809829711914, 0.902222216129303
8.42650032043457, 45.06570053100586, 0.8979999423027039
7.916999816894531, 45.06930160522461, 0.8816666603088379
8.668700218200684, 44.98899841308594, 0.8716667294502258
6.624599933624268, 44.180301666259766, 0.8899999260902405
7.344699859619141, 45.36040115356445, 0.9261537790298462
7.2581000328063965, 44.82749938964844, 0.8935713768005371
8.073200225830078, 43.58660125732422, 0.9300000071525574
6.410933017730713, 42.41189956665039, 0.9300000071525574
18.769426345825195, 50.204891204833984, 0.9419998526573181
6.688799858093262, 43.88100051879883, 0.8100000023841858
20.92340660095215, 49.59678649902344, 0.9252941608428955
22.536529541015625, 49.377960205078125, 0.9120000004768372
21.99736976623535, 49.013118743896484, 0.9142857193946838
23.228784561157227, 50.239688873291016, 0.9359999895095825
5.483699798583984, 43.941200256347656, 0.9200000166893005
