16.079254150390625, 47.07332992553711, 0.929156482219696
19.020099639892578, 47.48310089111328, 0.9295058250427246
11.708999633789062, 47.03779983520508, 0.9211698770523071
19.004289627075195, 49.72382736206055, 0.9411864876747131
12.461000442504883, 50.415000915527344, 0.9290633201599121
13.943599700927734, 50.87329864501953, 0.9323245882987976
13.873700141906738, 50.03770065307617, 0.9353617429733276
12.710399627685547, 46.260101318359375, 0.9244970083236694
19.138029098510742, 48.86676025390625, 0.9254385828971863
11.072099685668945, 45.64680099487305, 0.9253246784210205
12.083385467529297, 48.098079681396484, 0.922833263874054
14.443400382995605, 45.93479919433594, 0.9195377826690674
8.42490005493164, 46.870338439941406, 0.9209872484207153
5.804670810699463, 45.060791015625, 0.9290640950202942
6.958740234375, 46.77362823486328, 0.9215537905693054
8.254739761352539, 47.58771896362305, 0.9098462462425232
10.263550758361816, 46.62033462524414, 0.9355036020278931
12.047200202941895, 46.282901763916016, 0.9342105388641357
13.430695533752441, 47.727840423583984, 0.9232558608055115
12.219639778137207, 50.690799713134766, 0.9359896779060364
11.668054580688477, 49.26979446411133, 0.9324833154678345
11.766570091247559, 44.22454071044922, 0.926967203617096
11.585822105407715, 48.890174865722656, 0.9242826700210571
17.534799575805664, 47.171199798583984, 0.9326766133308411
12.88029956817627, 49.144798278808594, 0.9368044137954712
14.064299583435059, 45.89339828491211, 0.9254356622695923
13.49746036529541, 48.427188873291016, 0.932784378528595
10.091650009155273, 50.88759994506836, 0.9173803925514221
22.273099899291992, 48.93330001831055, 0.9259999990463257
12.206999778747559, 49.76689910888672, 0.9367815852165222
19.72902488708496, 46.33294677734375, 0.9318750500679016
12.576250076293945, 50.96757125854492, 0.9300497770309448
12.777070045471191, 43.69308853149414, 0.9240909218788147
3.8589000701904297, 47.2682991027832, 0.9278400540351868
10.065799713134766, 44.49129867553711, 0.9250908493995667
12.881400108337402, 46.45690155029297, 0.9286123514175415
10.792140007019043, 50.601951599121094, 0.9336419701576233
5.810400009155273, 47.10419845581055, 0.9096774458885193
10.817123413085938, 48.7907600402832, 0.919700562953949
13.42193603515625, 50.07329177856445, 0.9312902688980103
9.00825023651123, 46.84675979614258, 0.9357097744941711
3.260200023651123, 43.502498626708984, 0.9116900563240051
9.123100280761719, 47.75279998779297, 0.9140411615371704
17.84819984436035, 45.43560028076172, 0.9564104080200195
7.92710018157959, 45.07389831542969, 0.9060832858085632
12.383199691772461, 49.3489990234375, 0.9324849843978882
12.308426856994629, 47.378902435302734, 0.9353240728378296
7.353600025177002, 48.41267395019531, 0.9249700903892517
11.650589942932129, 49.3902702331543, 0.9274536967277527
5.044400215148926, 48.093101501464844, 0.9325000047683716
8.494099617004395, 48.65386962890625, 0.9179018139839172
4.156330108642578, 44.368919372558594, 0.9287614822387695
5.232260227203369, 45.43069839477539, 0.9265455007553101
10.628600120544434, 45.775299072265625, 0.9054839015007019
8.550189018249512, 48.11823654174805, 0.9168779850006104
5.743899822235107, 45.24129867553711, 0.9153906106948853
7.7258100509643555, 47.835418701171875, 0.923703670501709
12.468440055847168, 50.942691802978516, 0.9276624321937561
13.763999938964844, 45.70899963378906, 0.9253987669944763
14.149399757385254, 49.616798400878906, 0.9360839128494263
8.110509872436523, 46.435211181640625, 0.9290083050727844
11.880499839782715, 46.62459945678711, 0.9273722171783447
14.551553726196289, 46.93317413330078, 0.9370915293693542
22.13702392578125, 49.593841552734375, 0.9272000193595886
10.3131103515625, 44.76374053955078, 0.9255555272102356
11.021613121032715, 49.11613845825195, 0.9119035005569458
7.165249824523926, 47.379268646240234, 0.9207431077957153
14.54889965057373, 46.50920104980469, 0.9311074018478394
10.943599700927734, 45.95949935913086, 0.9254665970802307
12.419910430908203, 43.5584602355957, 0.9347692728042603
8.318863868713379, 46.578147888183594, 0.9317507743835449
8.330300331115723, 48.33110046386719, 0.9256824851036072
12.677000045776367, 47.42430114746094, 0.926098644733429
8.013580322265625, 47.43756866455078, 0.9188709259033203
4.451600074768066, 44.891998291015625, 0.9253847599029541
17.795379638671875, 46.4244499206543, 0.9262025356292725
11.358087539672852, 49.65410614013672, 0.9334948658943176
11.804699897766113, 45.88059997558594, 0.9232191443443298
11.690299987792969, 49.8213996887207, 0.9233222007751465
13.148099899291992, 46.54909896850586, 0.9107486605644226
11.676733016967773, 49.11212921142578, 0.9258139133453369
15.958719253540039, 47.40858840942383, 0.9376818537712097
18.26059913635254, 47.36309814453125, 0.931821882724762
6.789999961853027, 44.92100143432617, 0.9263636469841003
15.469499588012695, 46.14950180053711, 0.9325507283210754
12.44789981842041, 50.23310089111328, 0.9337199926376343
12.268110275268555, 50.8297004699707, 0.938839316368103
14.569000244140625, 50.5281982421875, 0.9283636808395386
3.693700075149536, 45.50040054321289, 0.926777720451355
11.559479713439941, 49.46784210205078, 0.9382292628288269
9.76099967956543, 46.047298431396484, 0.9251999855041504
8.361000061035156, 45.622501373291016, 0.9241243600845337
9.336009979248047, 47.564300537109375, 0.919273316860199
14.38070011138916, 45.527801513671875, 0.9129813313484192
11.212300300598145, 50.537471771240234, 0.9257599711418152
11.977129936218262, 50.67063903808594, 0.9271001815795898
13.437910079956055, 49.15536880493164, 0.9041304588317871
16.2054386138916, 48.37192153930664, 0.9210638403892517
9.052360534667969, 49.27397155761719, 0.9349152445793152
13.887700080871582, 46.03219985961914, 0.9303317666053772
7.299379825592041, 46.36334991455078, 0.9226149916648865
13.078749656677246, 46.909141540527344, 0.9243605136871338
6.811695098876953, 44.480934143066406, 0.9253224730491638
4.581830024719238, 46.59629821777344, 0.919560432434082
18.099899291992188, 46.08829879760742, 0.9366756677627563
2.8004000186920166, 43.60060119628906, 0.9197273254394531
8.907699584960938, 47.41482925415039, 0.9189687967300415
10.595600128173828, 44.062801361083984, 0.9102343320846558
7.276519775390625, 47.965736389160156, 0.9200530052185059
12.23859977722168, 43.64860153198242, 0.9317123293876648
3.3397998809814453, 44.73429870605469, 0.9279046654701233
19.599700927734375, 47.90380096435547, 0.9222999811172485
13.700627326965332, 48.844303131103516, 0.9260908365249634
13.306320190429688, 48.122989654541016, 0.9320732951164246
15.528793334960938, 48.71624755859375, 0.9474257826805115
11.275065422058105, 48.16290283203125, 0.9216437935829163
7.900199890136719, 45.50019836425781, 0.9329166412353516
9.041709899902344, 45.92184066772461, 0.9310256242752075
9.715999603271484, 45.769718170166016, 0.9200854897499084
9.45858097076416, 48.443790435791016, 0.9330212473869324
8.99940013885498, 42.548301696777344, 0.9244104623794556
16.322200775146484, 50.35020065307617, 0.9380672574043274
11.197799682617188, 50.57606887817383, 0.9236339330673218
11.320500373840332, 46.72850036621094, 0.9236000180244446
11.374159812927246, 48.86656188964844, 0.9279047846794128
14.014300346374512, 45.5463981628418, 0.9210915565490723
11.80598258972168, 49.34354019165039, 0.9356451630592346
16.556699752807617, 47.68069839477539, 0.9359595775604248
2.876199960708618, 42.48350143432617, 0.9221495985984802
6.9529500007629395, 46.341758728027344, 0.9157727360725403
9.449560165405273, 46.48318099975586, 0.9304761290550232
9.506600379943848, 42.502899169921875, 0.9239394664764404
8.683670043945312, 48.974300384521484, 0.9278972148895264
9.4833402633667, 49.39802169799805, 0.9320192933082581
8.111869812011719, 47.527530670166016, 0.9162694215774536
4.744200229644775, 46.956520080566406, 0.9179104566574097
6.539744853973389, 44.787841796875, 0.9310605525970459
10.000980377197266, 50.81877136230469, 0.9333209991455078
7.201000213623047, 44.82500076293945, 0.9188461899757385
7.368800163269043, 46.99776840209961, 0.9231182336807251
9.447819709777832, 44.767921447753906, 0.9203140735626221
17.091999053955078, 49.152099609375, 0.9351305365562439
8.925219535827637, 47.098350524902344, 0.9201503992080688
19.477699279785156, 46.8120002746582, 0.9448673129081726
3.958699941635132, 44.10540008544922, 0.932043731212616
11.276800155639648, 48.16389846801758, 0.9218991994857788
17.542800903320312, 49.7765998840332, 0.9351732730865479
11.20989990234375, 45.63779830932617, 0.9229145050048828
9.72193717956543, 48.753387451171875, 0.9254263043403625
17.670700073242188, 48.859100341796875, 0.9363541603088379
6.688799858093262, 43.88100051879883, 0.9079999923706055
5.605100154876709, 44.41189956665039, 0.9112499952316284
8.44890022277832, 50.22359848022461, 0.9207296967506409
8.01247501373291, 47.23088455200195, 0.9162012934684753
12.780400276184082, 46.596580505371094, 0.9317721724510193
2.562999963760376, 45.3849983215332, 0.9306201934814453
8.6628999710083, 46.454811096191406, 0.9186061024665833
2.1064000129699707, 42.903099060058594, 0.9144117832183838
8.926085472106934, 48.452999114990234, 0.9248855113983154
7.808199882507324, 44.042598724365234, 0.9200000166893005
16.395200729370117, 49.0619010925293, 0.9331175684928894
13.25879955291748, 50.354469299316406, 0.9325640797615051
7.964089870452881, 46.05070114135742, 0.9269999861717224
17.1485595703125, 46.95204162597656, 0.9386000633239746
6.777500152587891, 44.109500885009766, 0.9269387125968933
18.22093963623047, 49.15011215209961, 0.9216378927230835
19.62019920349121, 47.344600677490234, 0.9049532413482666
10.546854019165039, 49.12593078613281, 0.9219760298728943
11.221719741821289, 49.69188690185547, 0.932176947593689
19.75251007080078, 48.92470169067383, 0.9342372417449951
3.1110000610351562, 45.76300048828125, 0.9294999837875366
14.810099601745605, 45.53110122680664, 0.9293332695960999
7.115699768066406, 44.506500244140625, 0.9069672226905823
13.431699752807617, 50.607200622558594, 0.930279016494751
13.999899864196777, 46.31740188598633, 0.932965099811554
11.411800384521484, 46.9281005859375, 0.9293414354324341
10.54259967803955, 49.517799377441406, 0.9204482436180115
12.157329559326172, 50.48522186279297, 0.9324390292167664
9.380760192871094, 47.04920959472656, 0.9304885268211365
9.18239974975586, 49.5900993347168, 0.9196504354476929
5.849967002868652, 41.715301513671875, 0.9139999151229858
15.501799583435059, 46.46099853515625, 0.9390909075737
7.263000011444092, 44.83549880981445, 0.9275168776512146
20.249584197998047, 47.638954162597656, 0.9065455198287964
12.391496658325195, 47.86933517456055, 0.9239436388015747
11.710740089416504, 50.98160934448242, 0.918743908405304
10.588000297546387, 44.35060119628906, 0.9243283867835999
3.5378000736236572, 44.31930160522461, 0.9253846406936646
14.284500122070312, 48.86399841308594, 0.9245678782463074
8.770000457763672, 45.86769485473633, 0.929230809211731
6.074036121368408, 44.37030029296875, 0.8973416686058044
5.922489166259766, 46.75901412963867, 0.9215165972709656
4.317890167236328, 47.64390182495117, 0.9133333563804626
7.920929908752441, 47.47611999511719, 0.9148238897323608
11.472229957580566, 50.59226989746094, 0.9296398162841797
11.520009994506836, 48.9951286315918, 0.9266008734703064
13.354000091552734, 46.407501220703125, 0.9240625500679016
17.815969467163086, 45.916385650634766, 0.9284615516662598
2.9721999168395996, 45.4723014831543, 0.9162264466285706
18.999038696289062, 48.23333740234375, 0.9359471201896667
12.512299537658691, 46.747398376464844, 0.925513505935669
5.880000114440918, 44.91830062866211, 0.9278472065925598
13.454700469970703, 49.528865814208984, 0.9382608532905579
21.46139907836914, 48.902198791503906, 0.9302940964698792
17.827800750732422, 49.365501403808594, 0.9259278774261475
16.012100219726562, 50.50740051269531, 0.9312658309936523
10.761199951171875, 50.00189971923828, 0.9322742223739624
18.83609962463379, 48.49399948120117, 0.9302026629447937
16.889299392700195, 49.704898834228516, 0.9257718324661255
8.151080131530762, 46.75672912597656, 0.9214633107185364
14.70740032196045, 49.22880172729492, 0.9221400618553162
11.67388916015625, 45.36166763305664, 0.9086461663246155
13.40762996673584, 48.46699142456055, 0.9419999718666077
12.476659774780273, 48.50943374633789, 0.9294937252998352
10.213199615478516, 49.847801208496094, 0.9244999289512634
9.11170768737793, 46.82574462890625, 0.9280174970626831
7.320079803466797, 44.5620002746582, 0.9163637161254883
8.49236011505127, 47.76449966430664, 0.9241831302642822
5.088957786560059, 45.153892517089844, 0.9222449660301208
6.3470001220703125, 48.004398345947266, 0.9211241602897644
13.736800193786621, 46.22809982299805, 0.9299047589302063
15.034099578857422, 50.075199127197266, 0.9321200847625732
4.541999816894531, 45.27899932861328, 0.924500048160553
14.433099746704102, 50.0703010559082, 0.9277692437171936
7.908559799194336, 49.649940490722656, 0.9232353568077087
5.074699878692627, 45.94269943237305, 0.9312499165534973
5.806700229644775, 43.588199615478516, 0.9053714275360107
11.616100311279297, 50.64609909057617, 0.9317337274551392
10.38640022277832, 44.159400939941406, 0.9345967769622803
12.691100120544434, 49.74190139770508, 0.9357874393463135
10.93339729309082, 48.523048400878906, 0.9331120252609253
12.437899589538574, 46.00899887084961, 0.9128933548927307
8.545169830322266, 44.54132843017578, 0.9247410297393799
10.482099533081055, 44.0260009765625, 0.9128317832946777
6.254799842834473, 43.3827018737793, 0.9157920479774475
10.02309513092041, 46.41363525390625, 0.9349762797355652
13.252626419067383, 50.510658264160156, 0.9314866065979004
12.213800430297852, 49.03710174560547, 0.9290966391563416
2.2174999713897705, 43.34109878540039, 0.925190806388855
17.69436264038086, 50.14423751831055, 0.9296040534973145
11.436307907104492, 47.552188873291016, 0.9082692265510559
13.43198013305664, 50.60744857788086, 0.9300000071525574
18.139999389648438, 49.834598541259766, 0.9288418292999268
7.978079795837402, 49.196678161621094, 0.9099160432815552
5.609899997711182, 43.24129867553711, 0.9137070178985596
17.31476593017578, 46.64076232910156, 0.9409677386283875
11.450719833374023, 48.501773834228516, 0.9321547150611877
3.621000051498413, 45.970001220703125, 0.9269189834594727
12.10509967803955, 45.9921989440918, 0.9271227121353149
16.145700454711914, 49.85279846191406, 0.9274622201919556
14.993639945983887, 48.93336868286133, 0.9383612275123596
21.23941993713379, 49.20663070678711, 0.9282021522521973
10.968999862670898, 49.452301025390625, 0.9233237504959106
5.801323890686035, 45.06448745727539, 0.9250777363777161
7.254295825958252, 47.68343734741211, 0.9270175695419312
14.41648006439209, 47.5207405090332, 0.9375128746032715
13.369582176208496, 50.252235412597656, 0.9353334307670593
7.771659851074219, 46.4155387878418, 0.9266389608383179
5.697244167327881, 45.60931396484375, 0.9230434894561768
16.705890655517578, 47.28327178955078, 0.9354320764541626
5.387199878692627, 44.38240051269531, 0.9180000424385071
13.34469985961914, 47.078399658203125, 0.934240996837616
15.113900184631348, 46.63650131225586, 0.9351986646652222
21.9143009185791, 47.981201171875, 0.915303111076355
7.236599922180176, 44.05580139160156, 0.9229999780654907
9.2923002243042, 49.828399658203125, 0.9203323125839233
11.290169715881348, 43.47311019897461, 0.9206363558769226
7.061009883880615, 45.76974868774414, 0.9294347763061523
19.893400192260742, 47.9182014465332, 0.9295713305473328
13.275500297546387, 46.25382995605469, 0.9066072106361389
17.887699127197266, 46.90010070800781, 0.9155833125114441
11.570799827575684, 50.16740036010742, 0.9255340695381165
12.741900444030762, 46.42580032348633, 0.921935498714447
14.839300155639648, 45.80329895019531, 0.9265714883804321
19.467790603637695, 49.15053176879883, 0.9304730296134949
10.402172088623047, 48.36372375488281, 0.9174399971961975
9.491772651672363, 47.294437408447266, 0.9194656014442444
15.406257629394531, 48.06350326538086, 0.9220175743103027
8.177980422973633, 47.87160873413086, 0.9252347946166992
9.522120475769043, 47.81022262573242, 0.9244186282157898
2.869499921798706, 44.32460021972656, 0.9229167103767395
15.456899642944336, 45.82600021362305, 0.9336923360824585
14.758902549743652, 47.947998046875, 0.9185937643051147
11.718799591064453, 47.979698181152344, 0.9221186637878418
7.832230091094971, 46.21651840209961, 0.9249565005302429
11.918863296508789, 47.4642333984375, 0.9188429713249207
18.643600463867188, 46.21500015258789, 0.9382840394973755
5.05019998550415, 47.690799713134766, 0.9178124666213989
13.194299697875977, 48.86970138549805, 0.932425320148468
10.549500465393066, 46.61640167236328, 0.9428404569625854
7.408390998840332, 46.0810546875, 0.9228947758674622
19.712610244750977, 48.56895065307617, 0.930784285068512
13.633600234985352, 45.98749923706055, 0.9145220518112183
13.243800163269043, 46.23400115966797, 0.9264954328536987
7.868500232696533, 45.87540054321289, 0.9261339902877808
6.756875038146973, 46.05647659301758, 0.9252630472183228
7.694980144500732, 47.33578109741211, 0.9211454391479492
11.17240047454834, 45.30820083618164, 0.9339130520820618
12.10830020904541, 49.98619842529297, 0.933198869228363
15.65218734741211, 48.3686637878418, 0.9405204653739929
15.085606575012207, 47.4456672668457, 0.9343228936195374
6.683080196380615, 45.208648681640625, 0.9248421788215637
12.840180397033691, 43.9410514831543, 0.9106634855270386
7.977640151977539, 46.99300003051758, 0.9212820529937744
10.152999877929688, 44.16600036621094, 0.9032167792320251
13.426079750061035, 47.54851150512695, 0.9293103218078613
7.758909225463867, 49.03389358520508, 0.9264114499092102
8.846759796142578, 47.89519119262695, 0.9289543032646179
14.15487003326416, 45.03605270385742, 0.921071469783783
14.782103538513184, 44.75042724609375, 0.8988460898399353
18.33592414855957, 48.44694519042969, 0.9219475984573364
13.641599655151367, 46.62990188598633, 0.9328204989433289
22.120824813842773, 49.25984191894531, 0.9258334636688232
16.531299591064453, 44.4818000793457, 0.9515789747238159
13.125996589660645, 47.479740142822266, 0.9378297328948975
7.076000213623047, 50.54100036621094, 0.9202806949615479
16.77549934387207, 46.470298767089844, 0.9311689138412476
13.264581680297852, 48.00172805786133, 0.9293547868728638
14.070719718933105, 48.460819244384766, 0.9300616979598999
6.619515895843506, 48.40713882446289, 0.9218436479568481
4.752200126647949, 46.34590148925781, 0.9172247052192688
13.509400367736816, 46.24449920654297, 0.916772186756134
20.5674991607666, 46.71229934692383, 0.9253947734832764
11.946599960327148, 48.702598571777344, 0.9177306890487671
15.700699806213379, 48.94340133666992, 0.9290614724159241
11.789299964904785, 43.79669952392578, 0.9232413172721863
7.882780075073242, 48.921260833740234, 0.925428569316864
7.3744001388549805, 43.83100128173828, 0.9026086330413818
7.624179840087891, 46.664878845214844, 0.9181139469146729
2.8069000244140625, 44.96950149536133, 0.9296079277992249
21.721269607543945, 48.619930267333984, 0.9399999380111694
10.756999969482422, 44.04499816894531, 0.9170103073120117
6.220211029052734, 46.15423583984375, 0.9233663082122803
13.233099937438965, 49.991600036621094, 0.9344838857650757
13.645000457763672, 46.173301696777344, 0.9231227040290833
11.52627182006836, 49.08674621582031, 0.926106333732605
11.707266807556152, 44.07746124267578, 0.9369965195655823
7.264900207519531, 45.14820098876953, 0.9297143220901489
13.530900001525879, 49.67150115966797, 0.9345405101776123
21.900699615478516, 47.3848991394043, 0.9226666688919067
6.112329959869385, 44.81517028808594, 0.9268868565559387
16.25040054321289, 46.44810104370117, 0.9313566088676453
7.230100154876709, 47.393638610839844, 0.9187713861465454
17.102500915527344, 48.19609832763672, 0.9049999713897705
15.5859956741333, 47.60398483276367, 0.935692310333252
13.44778823852539, 48.09000778198242, 0.9326086640357971
21.99736976623535, 49.013118743896484, 0.8799999952316284
17.65587615966797, 47.829402923583984, 0.9148515462875366
7.908899784088135, 44.539100646972656, 0.9256311058998108
6.08404016494751, 48.43119812011719, 0.925959587097168
13.402000427246094, 45.92539978027344, 0.927407443523407
10.372179985046387, 46.476158142089844, 0.9297916293144226
9.974411010742188, 49.344669342041016, 0.9292458295822144
9.194999694824219, 48.77190017700195, 0.9303324818611145
10.733358383178711, 48.165077209472656, 0.9215450882911682
5.767499923706055, 43.987998962402344, 0.9131578207015991
6.2654500007629395, 46.53364181518555, 0.9259788990020752
5.889317035675049, 45.881011962890625, 0.9262827038764954
10.293357849121094, 47.40696334838867, 0.9289844036102295
9.853652000427246, 44.0498161315918, 0.9011914730072021
6.744900226593018, 44.72880172729492, 0.9155882000923157
7.644330024719238, 46.374549865722656, 0.9260305166244507
13.433600425720215, 48.28030014038086, 0.922173798084259
3.4983999729156494, 46.91019821166992, 0.9160483479499817
7.553199768066406, 43.986000061035156, 0.9313725233078003
7.326000213623047, 44.24549865722656, 0.923281192779541
13.513699531555176, 46.54800033569336, 0.9202072620391846
3.0899999141693115, 43.1349983215332, 0.9177563786506653
7.890960216522217, 48.61153030395508, 0.9417645931243896
20.23390007019043, 49.18939971923828, 0.9257575869560242
8.237199783325195, 44.20750045776367, 0.926535427570343
14.007369995117188, 46.81589889526367, 0.9320187568664551
6.200399875640869, 45.810699462890625, 0.9416666626930237
20.537399291992188, 48.49549865722656, 0.9311510324478149
6.47298002243042, 46.938011169433594, 0.9189344048500061
11.434539794921875, 49.564300537109375, 0.9361268877983093
12.86709976196289, 47.740501403808594, 0.9188165664672852
13.001099586486816, 46.41419982910156, 0.9234347939491272
9.195483207702637, 43.453731536865234, 0.8759999871253967
3.13100004196167, 46.051998138427734, 0.9294924139976501
14.649613380432129, 48.30137252807617, 0.9263473749160767
13.098400115966797, 46.31949996948242, 0.9220800399780273
9.879520416259766, 46.78049850463867, 0.923723042011261
17.92382049560547, 47.431270599365234, 0.9321556687355042
7.839900016784668, 44.241600036621094, 0.920956552028656
13.258299827575684, 45.841800689697266, 0.9293103814125061
2.0403571128845215, 42.387611389160156, 0.9278761148452759
15.251799583435059, 45.50429916381836, 0.9297048449516296
16.397062301635742, 47.96287536621094, 0.9445455074310303
3.246999979019165, 45.231998443603516, 0.9217449426651001
13.750528335571289, 44.90593338012695, 0.9098039269447327
3.6630001068115234, 45.01070022583008, 0.9125316143035889
5.515230178833008, 48.44169998168945, 0.9172307252883911
4.579349994659424, 47.30550003051758, 0.9148112535476685
7.484303951263428, 48.65874099731445, 0.926838755607605
6.407400131225586, 43.747100830078125, 0.9233548045158386
16.02029800415039, 48.740379333496094, 0.9175335764884949
15.161949157714844, 48.348262786865234, 0.9357143044471741
10.296984672546387, 48.72885513305664, 0.9322015643119812
8.184800148010254, 49.219200134277344, 0.9245283007621765
12.080909729003906, 50.78982162475586, 0.9229053854942322
7.61329984664917, 45.25450134277344, 0.9131249785423279
8.762999534606934, 41.92789840698242, 0.9139999747276306
7.56820011138916, 45.601898193359375, 0.9296094179153442
4.575260162353516, 44.5005989074707, 0.9146296381950378
12.987700462341309, 46.24079895019531, 0.9116666913032532
10.038399696350098, 49.00709915161133, 0.9136138558387756
10.623459815979004, 47.83326721191406, 0.9169856309890747
16.196199417114258, 49.43920135498047, 0.9324781894683838
7.5569000244140625, 43.782501220703125, 0.9203389286994934
6.61952018737793, 48.407100677490234, 0.9221212267875671
9.199345588684082, 48.140037536621094, 0.9296380877494812
5.332499980926514, 43.49169921875, 0.92249995470047
6.233500003814697, 43.20009994506836, 0.9088461399078369
21.173999786376953, 48.91368103027344, 0.9396479725837708
9.831130027770996, 48.347747802734375, 0.9298023581504822
14.443300247192383, 46.29410171508789, 0.9286441206932068
18.464487075805664, 48.80448913574219, 0.9248223304748535
14.07390022277832, 49.27050018310547, 0.9241110682487488
4.461900234222412, 45.99259948730469, 0.9253124594688416
13.578200340270996, 49.13090133666992, 0.9322264194488525
15.624500274658203, 46.010799407958984, 0.9293680191040039
7.133999824523926, 47.85100173950195, 0.9233980774879456
21.136999130249023, 47.55179977416992, 0.9201428890228271
10.524299621582031, 45.61830139160156, 0.8996703028678894
10.818699836730957, 45.68299865722656, 0.9057143330574036
14.786999702453613, 49.91400146484375, 0.9261403679847717
17.277000427246094, 48.37300109863281, 0.945384681224823
19.894731521606445, 49.295719146728516, 0.9378949403762817
7.3637518882751465, 48.83262634277344, 0.925027072429657
20.301109313964844, 49.60079574584961, 0.9301019906997681
10.491499900817871, 43.91416931152344, 0.9157731533050537
11.221278190612793, 47.91083526611328, 0.9231794476509094
8.49213981628418, 48.989349365234375, 0.9246405363082886
18.382360458374023, 47.6385612487793, 0.9189204573631287
7.763299942016602, 48.579898834228516, 0.9373685121536255
13.173500061035156, 49.468299865722656, 0.9357278347015381
15.077621459960938, 47.74366760253906, 0.9300598502159119
15.60770034790039, 49.695899963378906, 0.9291666150093079
11.649700164794922, 46.048179626464844, 0.9269517064094543
8.729640007019043, 49.54595947265625, 0.9294680953025818
4.799099922180176, 44.25619888305664, 0.9068750143051147
19.79840087890625, 50.21950149536133, 0.9195833206176758
5.806072235107422, 45.06951141357422, 0.9291620254516602
13.400899887084961, 46.30690002441406, 0.924375057220459
5.479899883270264, 47.496700286865234, 0.9306779503822327
12.644989967346191, 50.88901901245117, 0.9345865845680237
16.8341007232666, 50.09659957885742, 0.9300000071525574
10.677129745483398, 50.76264953613281, 0.928045928478241
12.44480037689209, 46.31159973144531, 0.9253982305526733
3.9367001056671143, 44.600101470947266, 0.9233333468437195
13.801300048828125, 45.65890121459961, 0.9114035964012146
6.519800186157227, 44.54090118408203, 0.9238889217376709
15.825347900390625, 46.756568908691406, 0.9282462000846863
13.216500282287598, 49.098201751708984, 0.9176470637321472
14.54170036315918, 49.98830032348633, 0.9329841732978821
13.995759963989258, 47.10295104980469, 0.9434568881988525
6.651700019836426, 47.2484016418457, 0.923149585723877
10.97950553894043, 43.795597076416016, 0.9225563406944275
10.264323234558105, 47.07034683227539, 0.931891918182373
13.46918773651123, 49.702980041503906, 0.9249275326728821
18.382400512695312, 47.63859939575195, 0.912207841873169
6.302000045776367, 45.38050079345703, 0.9367567300796509
19.130977630615234, 46.32795715332031, 0.9292725920677185
6.256063938140869, 47.2469367980957, 0.9228634834289551
11.951669692993164, 43.61888122558594, 0.9210768938064575
8.019579887390137, 46.239620208740234, 0.9351180791854858
10.107099533081055, 47.679901123046875, 0.9133332967758179
11.003358840942383, 47.68364715576172, 0.9156132340431213
4.53410005569458, 47.94670104980469, 0.9240677356719971
12.64210033416748, 48.833099365234375, 0.9326470494270325
9.892009735107422, 43.42618179321289, 0.9224050045013428
13.298089981079102, 48.88956832885742, 0.9255263805389404
20.267000198364258, 47.299598693847656, 0.925116240978241
12.615400314331055, 46.14950180053711, 0.9243671894073486
7.89316987991333, 43.910499572753906, 0.9231460094451904
7.332900047302246, 44.9213981628418, 0.9196000099182129
17.674728393554688, 48.604393005371094, 0.9170063734054565
8.580880165100098, 47.36920928955078, 0.9195727109909058
6.379849910736084, 48.88199996948242, 0.9156250357627869
15.487099647521973, 49.2947998046875, 0.9297327995300293
20.94424057006836, 50.283042907714844, 0.928461492061615
2.417099952697754, 42.56019973754883, 0.9300892949104309
21.40521240234375, 49.64167022705078, 0.9376667141914368
21.60923957824707, 49.21382141113281, 0.903673529624939
9.568389892578125, 49.044090270996094, 0.9304284453392029
12.795599937438965, 47.73733901977539, 0.9237777590751648
13.561200141906738, 47.827701568603516, 0.911666750907898
6.357600212097168, 44.50410079956055, 0.9173914194107056
8.793700218200684, 42.232601165771484, 0.926074743270874
14.928799629211426, 49.683998107910156, 0.9254429936408997
9.517390251159668, 44.31624984741211, 0.9097346067428589
11.358550071716309, 44.05427932739258, 0.9219158291816711
9.284700393676758, 42.09450149536133, 0.9316666126251221
14.997699737548828, 46.06119918823242, 0.9311688542366028
7.867819786071777, 48.27851104736328, 0.9192478060722351
21.069612503051758, 49.87936019897461, 0.9267187118530273
12.923999786376953, 46.244998931884766, 0.9110169410705566
10.902799606323242, 46.50680160522461, 0.9121277332305908
21.239700317382812, 48.29610061645508, 0.9387879371643066
5.589099884033203, 44.7932014465332, 0.8899999856948853
15.0246000289917, 46.434200286865234, 0.9337435364723206
5.43179988861084, 44.7135009765625, 0.9459999799728394
7.631581783294678, 48.30230712890625, 0.9290322661399841
20.725799560546875, 46.350101470947266, 0.9342392683029175
7.4182000160217285, 44.229400634765625, 0.9139844179153442
20.74275016784668, 49.00056838989258, 0.9233333468437195
5.14762020111084, 44.37120056152344, 0.9158332943916321
16.215599060058594, 50.55649948120117, 0.912142813205719
8.951199531555176, 44.471099853515625, 0.8988678455352783
7.134329795837402, 45.45949935913086, 0.9373099207878113
11.245789527893066, 43.52357864379883, 0.9321519136428833
6.538899898529053, 44.58539962768555, 0.9211111664772034
8.637060165405273, 46.9676513671875, 0.9264822006225586
14.261300086975098, 46.0806999206543, 0.9193258285522461
18.352506637573242, 48.01515579223633, 0.9267691969871521
13.482500076293945, 48.97119903564453, 0.9119445085525513
12.078700065612793, 46.948001861572266, 0.9259551167488098
4.042699813842773, 45.31129837036133, 0.9251818060874939
5.922540187835693, 48.827701568603516, 0.9195123314857483
17.33169937133789, 47.41619873046875, 0.929902970790863
6.010799884796143, 47.583499908447266, 0.9216493964195251
5.800300121307373, 46.36199951171875, 0.9224242568016052
20.29960060119629, 49.4182014465332, 0.932857096195221
18.861059188842773, 49.17449951171875, 0.9333628416061401
11.318695068359375, 49.762203216552734, 0.9304047226905823
10.117073059082031, 45.76357650756836, 0.9172306656837463
9.29259967803955, 44.60710144042969, 0.9231858849525452
2.4830000400543213, 45.749000549316406, 0.9255223870277405
10.52495002746582, 43.72193145751953, 0.9253658056259155
7.596779823303223, 46.210060119628906, 0.9181725978851318
6.60099983215332, 43.21969985961914, 0.9247332811355591
13.4193696975708, 47.18601989746094, 0.9348484873771667
13.273300170898438, 47.81880187988281, 0.9304999113082886
18.264720916748047, 46.525611877441406, 0.933232307434082
10.210652351379395, 42.746578216552734, 0.9209704399108887
5.571813106536865, 46.04478454589844, 0.9122580289840698
12.597187042236328, 48.12194061279297, 0.9147014617919922
14.136727333068848, 48.21306228637695, 0.9402856826782227
20.524999618530273, 48.12220001220703, 0.9309375286102295
13.219319343566895, 49.26422882080078, 0.9362857341766357
12.580582618713379, 43.61082458496094, 0.9305882453918457
17.923799514770508, 47.43130111694336, 0.9346017837524414
5.027500152587891, 44.32440185546875, 0.9171428680419922
7.747000217437744, 45.51266860961914, 0.9183928370475769
8.252619743347168, 47.7121696472168, 0.9270833134651184
11.424799919128418, 44.312801361083984, 0.9148077368736267
13.414106369018555, 49.36481857299805, 0.933846116065979
11.923008918762207, 48.307254791259766, 0.9174342155456543
5.124100208282471, 48.61520004272461, 0.9243688583374023
13.7610502243042, 47.43006896972656, 0.9381303787231445
11.849163055419922, 47.75279998779297, 0.9017857313156128
8.345919609069824, 44.324249267578125, 0.9237422943115234
22.539100646972656, 48.130401611328125, 0.9338271617889404
7.158960819244385, 48.216312408447266, 0.9168720245361328
6.853919982910156, 48.72480010986328, 0.9209375381469727
19.52794075012207, 49.91819381713867, 0.9201098680496216
13.294500350952148, 46.01359939575195, 0.9231579303741455
5.201019763946533, 47.196998596191406, 0.9101333618164062
18.482030868530273, 46.94630813598633, 0.9384999871253967
21.929433822631836, 50.57916259765625, 0.9389474987983704
7.8630452156066895, 48.93254089355469, 0.9302684664726257
15.972999572753906, 45.909000396728516, 0.9560000896453857
6.804200172424316, 44.76499938964844, 0.9100000262260437
19.30389976501465, 49.45481872558594, 0.9164406657218933
13.5649995803833, 46.44279861450195, 0.9329166412353516
8.748279571533203, 46.59511947631836, 0.9330978393554688
9.383700370788574, 45.13710021972656, 0.9276190400123596
15.6274995803833, 45.8671989440918, 0.9251834750175476
13.430031776428223, 50.430625915527344, 0.8573683500289917
20.18783950805664, 48.84851837158203, 0.93623286485672
3.6882998943328857, 43.74380111694336, 0.9179487824440002
7.086450099945068, 47.302669525146484, 0.916335940361023
4.1476898193359375, 46.98210144042969, 0.9280434250831604
13.269800186157227, 46.379600524902344, 0.9262499809265137
11.003100395202637, 44.86579895019531, 0.9120382070541382
17.28968620300293, 46.15967559814453, 0.9296689033508301
21.35547637939453, 50.5923957824707, 0.9315053224563599
15.764399528503418, 44.52790069580078, 0.981666624546051
5.549890041351318, 44.429100036621094, 0.9200000166893005
19.018600463867188, 47.84519958496094, 0.9248000383377075
7.70989990234375, 44.85340118408203, 0.9222580790519714
4.112500190734863, 46.200801849365234, 0.9140323400497437
11.122900009155273, 44.16781997680664, 0.9384090304374695
5.799339771270752, 47.99290084838867, 0.9216346144676208
2.5541200637817383, 44.76055145263672, 0.925392210483551
16.527616500854492, 46.86423873901367, 0.9303883910179138
6.401518821716309, 45.03680419921875, 0.9312121272087097
10.513999938964844, 46.0549201965332, 0.9022077918052673
9.522241592407227, 47.81023025512695, 0.9574999809265137
14.732589721679688, 48.63481140136719, 0.9332013726234436
16.090360641479492, 47.67754364013672, 0.9361538887023926
8.104039192199707, 48.955970764160156, 0.9311290979385376
6.0381999015808105, 48.26219940185547, 0.9203205704689026
13.42080020904541, 45.75519943237305, 0.9188888072967529
13.250880241394043, 49.79983139038086, 0.9232203960418701
16.90690040588379, 45.01250076293945, 0.9410843253135681
18.804460525512695, 49.474369049072266, 0.9144680500030518
13.414739608764648, 46.633941650390625, 0.9294117093086243
6.137499809265137, 44.460899353027344, 0.9290000796318054
6.045000076293945, 43.95100021362305, 0.9253332614898682
14.871199607849121, 44.563499450683594, 0.9833333492279053
15.994170188903809, 45.82944107055664, 0.9350000023841858
6.502299785614014, 44.3932991027832, 0.9132726788520813
5.549891948699951, 44.42909240722656, 0.8982222080230713
16.593299865722656, 49.30839920043945, 0.9335241913795471
3.221364974975586, 43.9698371887207, 0.9346043467521667
4.0665998458862305, 45.71780014038086, 0.9270535707473755
9.36299991607666, 42.952999114990234, 0.9259999394416809
12.977643966674805, 48.53004837036133, 0.9330682158470154
7.156499862670898, 45.837799072265625, 0.9305555820465088
8.59628963470459, 49.39860153198242, 0.9262499809265137
3.9328999519348145, 46.56039810180664, 0.9183334112167358
20.50632095336914, 49.96980285644531, 0.9363462924957275
6.680799961090088, 46.3296012878418, 0.9195239543914795
5.902599811553955, 44.45370101928711, 0.903181791305542
8.513699531555176, 45.57809829711914, 0.8962500095367432
7.741950035095215, 49.342620849609375, 0.9211503863334656
13.427740097045898, 48.64181900024414, 0.9330768585205078
5.922544002532959, 48.8277473449707, 0.9250458478927612
15.299395561218262, 46.94844436645508, 0.9529546499252319
12.972900390625, 46.55839920043945, 0.9199999570846558
19.142709732055664, 48.50925827026367, 0.9323437213897705
14.527799606323242, 46.043800354003906, 0.9247804880142212
20.699569702148438, 49.315460205078125, 0.926451563835144
13.432000160217285, 46.129398345947266, 0.919285774230957
7.122660160064697, 48.96674346923828, 0.9199056625366211
10.792200088500977, 50.00299835205078, 0.9620000123977661
13.252610206604004, 47.273101806640625, 0.9283332824707031
8.28849983215332, 45.237998962402344, 0.9290000200271606
18.8341007232666, 47.154701232910156, 0.9466667175292969
6.62451696395874, 45.68820571899414, 0.9222726821899414
21.158992767333984, 46.90980529785156, 0.9466667175292969
7.344699859619141, 45.36040115356445, 0.915882408618927
7.2581000328063965, 44.82749938964844, 0.8857142329216003
9.710348129272461, 48.06278610229492, 0.9234693646430969
11.999199867248535, 48.699798583984375, 0.9452381134033203
7.394700050354004, 44.98939895629883, 0.9110713601112366
5.096536159515381, 44.850135803222656, 0.9192307591438293
13.265700340270996, 46.20199966430664, 0.9320833683013916
6.677999973297119, 45.051998138427734, 0.9334614872932434
13.232205390930176, 49.990966796875, 0.9390243887901306
15.623055458068848, 44.878387451171875, 0.9567999839782715
9.347319602966309, 46.47222900390625, 0.9237974286079407
11.377799987792969, 46.4630012512207, 0.9233334064483643
13.13860034942627, 46.275001525878906, 0.9325805902481079
12.975000381469727, 48.29280090332031, 0.9162500500679016
8.481800079345703, 46.008201599121094, 0.9078047871589661
13.287759780883789, 48.35689926147461, 0.9135484099388123
5.213200092315674, 46.385799407958984, 0.942727267742157
4.60860013961792, 45.59629821777344, 0.922897219657898
9.909799575805664, 44.89390182495117, 0.9161111116409302
6.770500183105469, 44.72549819946289, 0.918367326259613
6.304580211639404, 45.68769836425781, 0.9196000695228577
6.647200107574463, 47.710689544677734, 0.9118180871009827
19.018600463867188, 47.84519958496094, 0.9283333420753479
9.112600326538086, 46.18080139160156, 0.9277778267860413
18.769426345825195, 50.204891204833984, 0.9449999928474426
10.898699760437012, 44.887298583984375, 0.9364102482795715
12.620992660522461, 45.619781494140625, 0.9188889265060425
5.106400012969971, 43.93769836425781, 0.9046154618263245
13.274129867553711, 48.53099060058594, 0.8999999761581421
15.650199890136719, 50.06100082397461, 0.9253439903259277
10.657925605773926, 43.27324676513672, 0.9122222065925598
19.17382049560547, 50.19021987915039, 0.9275510311126709
5.732580184936523, 48.002498626708984, 0.9028571844100952
9.152999877929688, 42.29800033569336, 0.9180434942245483
13.413519859313965, 49.88896942138672, 0.9301887154579163
4.586900234222412, 44.506900787353516, 0.9202127456665039
6.073299884796143, 44.37009811401367, 0.9164103865623474
4.5279998779296875, 44.05149841308594, 0.919382631778717
12.445128440856934, 43.93769454956055, 0.9238635897636414
7.1529998779296875, 43.895999908447266, 0.9117857217788696
16.120698928833008, 48.3784294128418, 0.9352940917015076
7.039299964904785, 44.77320098876953, 0.9228571057319641
4.7916998863220215, 43.5005989074707, 0.8917856812477112
6.116734981536865, 45.20571517944336, 0.9196666479110718
3.4474000930786133, 46.37810134887695, 0.9415789246559143
6.56859016418457, 44.65399932861328, 0.9058823585510254
7.716818809509277, 48.5159912109375, 0.9375341534614563
14.422100067138672, 45.73809814453125, 0.9196667075157166
6.684800148010254, 44.66419982910156, 0.9232258200645447
20.511409759521484, 48.70615005493164, 0.9424999356269836
8.352299690246582, 44.849300384521484, 0.9155555367469788
19.99420928955078, 48.317501068115234, 0.9324073791503906
18.96540069580078, 46.74440002441406, 0.9366666674613953
17.78976058959961, 48.24430465698242, 0.9184210896492004
13.251977920532227, 50.174652099609375, 0.9187096357345581
5.794000148773193, 44.43730163574219, 0.8808333873748779
15.053954124450684, 44.29249572753906, 0.9273077249526978
14.309499740600586, 48.81990051269531, 0.9282926917076111
14.701399803161621, 46.101600646972656, 0.9206061363220215
2.7193000316619873, 43.97520065307617, 0.9171590805053711
21.24357032775879, 49.41712188720703, 0.9197143316268921
9.494400024414062, 42.50410079956055, 0.9199999570846558
6.225299835205078, 44.10929870605469, 0.92249995470047
7.42468786239624, 43.730342864990234, 0.9356249570846558
13.26140022277832, 47.63600158691406, 0.956315815448761
22.117162704467773, 50.22996520996094, 0.9283332824707031
6.236199855804443, 44.46929931640625, 0.9188235402107239
8.833800315856934, 45.36600112915039, 0.8966667056083679
7.890399932861328, 47.03049850463867, 0.9449999928474426
13.253890037536621, 46.56412887573242, 0.9263635873794556
5.264679908752441, 46.410099029541016, 0.9393333196640015
7.617472171783447, 44.1164436340332, 0.934705913066864
6.624800205230713, 44.66630172729492, 0.9063999652862549
11.318499565124512, 46.495201110839844, 0.9340000152587891
16.44879913330078, 43.1776008605957, 0.9151219725608826
4.913899898529053, 44.28730010986328, 0.9164285659790039
7.391900062561035, 43.97489929199219, 0.9212000370025635
16.590442657470703, 48.728694915771484, 0.9319264888763428
14.482799530029297, 45.32509994506836, 0.9739999771118164
6.921800136566162, 43.75279998779297, 0.9141666293144226
22.67662239074707, 50.37629699707031, 0.942307710647583
5.319509983062744, 46.74689865112305, 0.9224193096160889
14.139851570129395, 48.10020065307617, 0.9279807209968567
13.4375, 46.462799072265625, 0.920714259147644
12.46049976348877, 48.47800064086914, 0.9345833659172058
7.924290180206299, 48.89356994628906, 0.9307317137718201
7.081399917602539, 44.79819869995117, 0.9156521558761597
6.879899978637695, 44.76620101928711, 0.9287179112434387
20.073678970336914, 49.835914611816406, 0.9246153235435486
19.870643615722656, 49.558353424072266, 0.9248076677322388
16.05470085144043, 50.58810043334961, 0.9243477582931519
13.435199737548828, 47.00957107543945, 0.9336842894554138
13.419219970703125, 48.80369186401367, 0.9140740633010864
5.072800159454346, 45.12089920043945, 0.9164285659790039
7.131199836730957, 43.54790115356445, 0.928048849105835
22.404111862182617, 49.943115234375, 0.9176470041275024
22.684219360351562, 49.0638542175293, 0.9134782552719116
12.720905303955078, 47.196800231933594, 0.9329506754875183
6.79000997543335, 45.221500396728516, 0.9164999723434448
9.930700302124023, 45.405601501464844, 0.9188234806060791
13.248590469360352, 47.45405960083008, 0.9441379904747009
13.213459968566895, 47.1044807434082, 0.9282052516937256
6.923699855804443, 44.7953987121582, 0.9132559299468994
13.249130249023438, 46.73320007324219, 0.9255881905555725
4.188499927520752, 43.69269943237305, 0.8846807479858398
10.199769020080566, 48.01939392089844, 0.9184210896492004
20.323381423950195, 50.23389434814453, 0.903846263885498
6.0559000968933105, 44.459598541259766, 0.9409523010253906
13.263299942016602, 48.186100006103516, 0.9262499809265137
16.7544002532959, 45.61349868774414, 0.9900000095367432
8.668700218200684, 44.98899841308594, 0.871666669845581
6.45550012588501, 44.5005989074707, 0.9059999585151672
10.976499557495117, 44.35084915161133, 0.9018750190734863
13.249469757080078, 49.44272994995117, 0.9383871555328369
12.500499725341797, 46.0265998840332, 0.9047222137451172
16.266399383544922, 45.12860107421875, 0.7949999570846558
13.262923240661621, 49.604469299316406, 0.9294594526290894
18.312484741210938, 50.1667366027832, 0.9449999928474426
17.104103088378906, 48.715572357177734, 0.9316666722297668
13.437840461730957, 46.840511322021484, 0.9179999232292175
5.982600212097168, 44.475101470947266, 0.9213792681694031
4.147980213165283, 46.98160171508789, 0.9234693646430969
8.066169738769531, 44.1121711730957, 0.8769999742507935
21.476158142089844, 50.23102951049805, 0.9344826936721802
7.7837371826171875, 48.65254592895508, 0.9049999713897705
13.436059951782227, 47.91304016113281, 0.9294999837875366
6.314000129699707, 44.47710037231445, 0.9184000492095947
13.437299728393555, 47.367740631103516, 0.9362499713897705
7.130099773406982, 44.80910110473633, 0.9168182611465454
5.186500072479248, 43.92850112915039, 0.9149999618530273
7.916999816894531, 45.06930160522461, 0.8762500286102295
5.858316898345947, 42.17826843261719, 0.8700000643730164
22.707500457763672, 49.63140106201172, 0.9340000152587891
5.0192670822143555, 42.17824935913086, 0.9175000190734863
7.7484002113342285, 45.01860046386719, 0.9016666412353516
12.945500373840332, 48.537899017333984, 0.9466666579246521
14.910599708557129, 45.08399963378906, 0.9507142305374146
20.92340660095215, 49.59678649902344, 0.9294117093086243
15.707297325134277, 43.86601638793945, 0.9700000286102295
16.4554500579834, 46.131168365478516, 0.9812500476837158
22.896892547607422, 50.021671295166016, 0.919333279132843
5.589200019836426, 44.792999267578125, 0.9238461256027222
6.964049816131592, 42.17839813232422, 0.9550000429153442
8.172900199890137, 45.0989990234375, 0.8883333206176758
17.513900756835938, 45.10260009765625, 0.9653332829475403
5.714399814605713, 44.429500579833984, 0.9018182158470154
5.2677001953125, 44.37049865722656, 0.9250000715255737
16.6152286529541, 48.31753158569336, 0.940000057220459
6.954800128936768, 44.774200439453125, 0.9355263113975525
23.228784561157227, 50.239688873291016, 0.9279999732971191
6.624599933624268, 44.180301666259766, 0.8825001120567322
7.516716957092285, 43.348182678222656, 0.9150000214576721
2.104599952697754, 42.714900970458984, 0.9184999465942383
5.6433000564575195, 43.800899505615234, 0.9316666722297668
16.404695510864258, 44.0048828125, 0.9640000462532043
16.007692337036133, 47.3907585144043, 0.9233332872390747
8.913603782653809, 44.867305755615234, 0.8939999341964722
13.270039558410645, 46.90861129760742, 0.9130769371986389
13.99530029296875, 49.68560028076172, 0.924000084400177
13.261639595031738, 48.71900177001953, 0.9193750619888306
6.16349983215332, 42.794830322265625, 0.9100000262260437
8.04259967803955, 45.08660125732422, 0.9249999523162842
9.96992015838623, 49.354190826416016, 0.9333333373069763
12.033500671386719, 45.01673889160156, 0.9333333373069763
4.796800136566162, 48.31800079345703, 0.8519999384880066
12.318220138549805, 45.34427261352539, 0.9211111068725586
5.8566670417785645, 42.64666748046875, 0.8299999833106995
4.892047882080078, 44.905696868896484, 0.9054544568061829
5.14769983291626, 44.37099838256836, 0.9138889312744141
5.517000198364258, 44.410499572753906, 0.8928571343421936
7.050000190734863, 44.183998107910156, 0.9440000653266907
4.744832992553711, 41.6475830078125, 0.893333375453949
7.603898048400879, 47.5777587890625, 0.8999999761581421
17.291099548339844, 49.430301666259766, 0.9700000286102295
11.255133628845215, 43.77436447143555, 0.9750000238418579
22.536529541015625, 49.377960205078125, 0.9225000143051147
6.963832855224609, 41.71023178100586, 0.8799999952316284
21.889923095703125, 49.904537200927734, 0.8955554962158203
8.542499542236328, 45.04410171508789, 0.9200000166893005
15.467266082763672, 45.61526870727539, 1.0
7.792799949645996, 45.07229995727539, 0.9199999570846558
5.30049991607666, 42.879329681396484, 0.8600000143051147
8.42650032043457, 45.06570053100586, 0.9066666960716248
5.483699798583984, 43.941200256347656, 0.8833333849906921
6.400000095367432, 45.0359001159668, 0.9399999380111694
6.410933017730713, 42.41189956665039, 0.9300000071525574
8.073200225830078, 43.58660125732422, 0.9300000071525574
7.51781702041626, 42.879615783691406, 0.875
9.229866981506348, 43.85031509399414, 0.9200000166893005
8.317299842834473, 45.092201232910156, 0.800000011920929
5.30364990234375, 42.41156768798828, 0.9225000143051147
