5.5 43.5
5.5 44.0
5.5 44.5
5.5 45.0
5.5 45.5
5.5 46.0
5.5 46.5
5.5 47.0
5.5 47.5
5.5 48.0
5.5 48.5
5.5 49.0
5.5 49.5
5.5 50.0
6.0 43.5
6.0 44.0
6.0 44.5
6.0 45.0
6.0 45.5
6.0 46.0
6.0 46.5
6.0 47.0
6.0 47.5
6.0 48.0
6.0 48.5
6.0 49.0
6.0 49.5
6.0 50.0
6.5 43.5
6.5 44.0
6.5 44.5
6.5 45.0
6.5 45.5
6.5 46.0
6.5 46.5
6.5 47.0
6.5 47.5
6.5 48.0
6.5 48.5
6.5 49.0
6.5 49.5
6.5 50.0
7.0 43.5
7.0 44.0
7.0 44.5
7.0 45.0
7.0 45.5
7.0 46.0
7.0 46.5
7.0 47.0
7.0 47.5
7.0 48.0
7.0 48.5
7.0 49.0
7.0 49.5
7.0 50.0
7.5 43.5
7.5 44.0
7.5 44.5
7.5 45.0
7.5 45.5
7.5 46.0
7.5 46.5
7.5 47.0
7.5 47.5
7.5 48.0
7.5 48.5
7.5 49.0
7.5 49.5
7.5 50.0
8.0 43.5
8.0 44.0
8.0 44.5
8.0 45.0
8.0 45.5
8.0 46.0
8.0 46.5
8.0 47.0
8.0 47.5
8.0 48.0
8.0 48.5
8.0 49.0
8.0 49.5
8.0 50.0
8.5 43.5
8.5 44.0
8.5 44.5
8.5 45.0
8.5 45.5
8.5 46.0
8.5 46.5
8.5 47.0
8.5 47.5
8.5 48.0
8.5 48.5
8.5 49.0
8.5 49.5
8.5 50.0
9.0 43.5
9.0 44.0
9.0 44.5
9.0 45.0
9.0 45.5
9.0 46.0
9.0 46.5
9.0 47.0
9.0 47.5
9.0 48.0
9.0 48.5
9.0 49.0
9.0 49.5
9.0 50.0
9.5 43.5
9.5 44.0
9.5 44.5
9.5 45.0
9.5 45.5
9.5 46.0
9.5 46.5
9.5 47.0
9.5 47.5
9.5 48.0
9.5 48.5
9.5 49.0
9.5 49.5
9.5 50.0
10.0 43.5
10.0 44.0
10.0 44.5
10.0 45.0
10.0 45.5
10.0 46.0
10.0 46.5
10.0 47.0
10.0 47.5
10.0 48.0
10.0 48.5
10.0 49.0
10.0 49.5
10.0 50.0
10.5 43.5
10.5 44.0
10.5 44.5
10.5 45.0
10.5 45.5
10.5 46.0
10.5 46.5
10.5 47.0
10.5 47.5
10.5 48.0
10.5 48.5
10.5 49.0
10.5 49.5
10.5 50.0
11.0 43.5
11.0 44.0
11.0 44.5
11.0 45.0
11.0 45.5
11.0 46.0
11.0 46.5
11.0 47.0
11.0 47.5
11.0 48.0
11.0 48.5
11.0 49.0
11.0 49.5
11.0 50.0
11.5 43.5
11.5 44.0
11.5 44.5
11.5 45.0
11.5 45.5
11.5 46.0
11.5 46.5
11.5 47.0
11.5 47.5
11.5 48.0
11.5 48.5
11.5 49.0
11.5 49.5
11.5 50.0
12.0 43.5
12.0 44.0
12.0 44.5
12.0 45.0
12.0 45.5
12.0 46.0
12.0 46.5
12.0 47.0
12.0 47.5
12.0 48.0
12.0 48.5
12.0 49.0
12.0 49.5
12.0 50.0
12.5 43.5
12.5 44.0
12.5 44.5
12.5 45.0
12.5 45.5
12.5 46.0
12.5 46.5
12.5 47.0
12.5 47.5
12.5 48.0
12.5 48.5
12.5 49.0
12.5 49.5
12.5 50.0
13.0 43.5
13.0 44.0
13.0 44.5
13.0 45.0
13.0 45.5
13.0 46.0
13.0 46.5
13.0 47.0
13.0 47.5
13.0 48.0
13.0 48.5
13.0 49.0
13.0 49.5
13.0 50.0
13.5 43.5
13.5 44.0
13.5 44.5
13.5 45.0
13.5 45.5
13.5 46.0
13.5 46.5
13.5 47.0
13.5 47.5
13.5 48.0
13.5 48.5
13.5 49.0
13.5 49.5
13.5 50.0
14.0 43.5
14.0 44.0
14.0 44.5
14.0 45.0
14.0 45.5
14.0 46.0
14.0 46.5
14.0 47.0
14.0 47.5
14.0 48.0
14.0 48.5
14.0 49.0
14.0 49.5
14.0 50.0
14.5 43.5
14.5 44.0
14.5 44.5
14.5 45.0
14.5 45.5
14.5 46.0
14.5 46.5
14.5 47.0
14.5 47.5
14.5 48.0
14.5 48.5
14.5 49.0
14.5 49.5
14.5 50.0
15.0 43.5
15.0 44.0
15.0 44.5
15.0 45.0
15.0 45.5
15.0 46.0
15.0 46.5
15.0 47.0
15.0 47.5
15.0 48.0
15.0 48.5
15.0 49.0
15.0 49.5
15.0 50.0
15.5 43.5
15.5 44.0
15.5 44.5
15.5 45.0
15.5 45.5
15.5 46.0
15.5 46.5
15.5 47.0
15.5 47.5
15.5 48.0
15.5 48.5
15.5 49.0
15.5 49.5
15.5 50.0
16.0 43.5
16.0 44.0
16.0 44.5
16.0 45.0
16.0 45.5
16.0 46.0
16.0 46.5
16.0 47.0
16.0 47.5
16.0 48.0
16.0 48.5
16.0 49.0
16.0 49.5
16.0 50.0
16.5 43.5
16.5 44.0
16.5 44.5
16.5 45.0
16.5 45.5
16.5 46.0
16.5 46.5
16.5 47.0
16.5 47.5
16.5 48.0
16.5 48.5
16.5 49.0
16.5 49.5
16.5 50.0
17.0 43.5
17.0 44.0
17.0 44.5
17.0 45.0
17.0 45.5
17.0 46.0
17.0 46.5
17.0 47.0
17.0 47.5
17.0 48.0
17.0 48.5
17.0 49.0
17.0 49.5
17.0 50.0
17.5 43.5
17.5 44.0
17.5 44.5
17.5 45.0
17.5 45.5
17.5 46.0
17.5 46.5
17.5 47.0
17.5 47.5
17.5 48.0
17.5 48.5
17.5 49.0
17.5 49.5
17.5 50.0