YP.CT01 44.2562 4.7991 16
YP.CT02 44.2873 4.9139 14
YP.CT03 44.3244 5.0275 7
YP.CT04 44.371 5.1477 18
YP.CT05 44.3705 5.2677 10
YP.CT06 44.3824 5.3872 10
YP.CT07 44.4105 5.517 7
YP.CT08 44.4119 5.6051 16
YP.CT09 44.4295 5.7144 22
YP.CT10 44.4373 5.794 12
YP.CT11 44.4537 5.9026 22
YP.CT12 44.4751 5.9826 29
YP.CT13 44.4596 6.0559 21
YP.CT14 44.4609 6.1375 30
YP.CT15 44.4693 6.2362 34
YP.CT16 44.4771 6.314 25
YP.CT17 44.5041 6.3576 23
YP.CT18 44.5006 6.4555 20
YP.CT19 44.5409 6.5198 18
YP.CT20 44.5854 6.5389 27
YP.CT21 44.654 6.56859 34
YP.CT22 44.6663 6.6248 25
YP.CT23 44.6642 6.6848 31
YP.CT24 44.7288 6.7449 34
YP.CT25 44.7255 6.7705 49
YP.CT26 44.765 6.8042 42
YP.CT27 44.7662 6.8799 39
YP.CT28 44.7954 6.9237 43
YP.CT29 44.7742 6.9548 38
YP.CT30 44.7732 7.0393 21
YP.CT31 44.7982 7.0814 23
YP.CT32 44.8091 7.1301 22
YP.CT33 44.825 7.201 26
YP.CT34 44.8275 7.2581 28
YP.CT35 44.9214 7.3329 25
YP.CT36 44.9894 7.3947 28
YP.CT38 45.0186 7.7484 12
YP.CT39 45.0723 7.7928 5
YP.CT40 45.0693 7.917 8
YP.CT41 45.0866 8.0426 8
YP.CT42 45.099 8.1729 6
YP.CT43 45.0922 8.3173 1
YP.CT44 45.0657 8.4265 3
YP.CT45 45.0441 8.5425 1
YP.CT46 44.989 8.6687 6
YP.CT47 43.9285 5.1865 22
YP.CT49 44.1803 6.6246 12
YP.CT50 44.562 7.32008 33
YP.CT51 44.7135 5.4318 5
YP.CT52 45.0359 6.4 5
YP.CT53 45.2215 6.79001 20
YP.CT54 45.3604 7.3447 17
YP.CT55 45.5002 7.9002 24
YP.CT56 45.5781 8.5137 8