ZJ.HU07A 47.9812 21.9143 424
ZJ.HU08A 47.4313 17.9238 381
ZJ.HU09A 47.6386 18.3824 386
ZJ.HU10A 47.8452 19.0186 392
ZJ.HU21A 46.3329 19.729 420
ZJ.PL11A 50.23 22.1172 367
ZJ.PL12A 50.5792 21.9294 365
ZJ.PL13A 49.5968 20.9234 369
ZJ.PL14A 49.8794 21.0696 365
ZJ.PL15A 50.231 21.4762 342
ZJ.PL16A 50.5924 21.3555 375
ZJ.PL17A 49.6008 20.3011 368
ZJ.PL18A 49.9698 20.5063 345
ZJ.HU01A 47.3446 19.6202 381
ZJ.HU02A 48.1222 20.525 430
ZJ.HU03A 47.9038 19.5997 428
ZJ.HU04A 46.812 19.4777 411
ZJ.HU05A 47.5518 21.137 402
ZJ.PL26A 50.1902 19.1738 350
ZJ.PL28A 50.2049 18.7694 319
ZJ.PL29A 50.1667 18.3125 300
ZJ.PL30A 50.1442 17.6944 328
ZJ.SK01A 49.4744 18.8045 430
ZJ.SK02A 49.4548 19.3039 398
ZJ.PL02A 49.378 22.5365 354
ZJ.PL03A 50.0217 22.8969 370
ZJ.PL05A 49.2598 22.1208 364
ZJ.PL06A 49.5938 22.137 341
ZJ.PL07A 49.9431 22.4041 370
ZJ.PL08A 50.3763 22.6766 370
ZJ.PL09A 49.6417 21.4052 364
ZJ.PL10A 49.9045 21.8899 343
ZJ.SK12A 48.3175 19.9942 387
ZJ.SK13A 49.3155 20.6996 246
ZJ.SK15A 48.7062 20.5114 384
ZJ.SK16A 49.4171 21.2436 333
ZJ.SK17A 49.2066 21.2394 282
ZJ.SK18A 48.9137 21.174 361
ZJ.SK20A 49.2138 21.6092 281
ZJ.SK21A 49.0131 21.9974 302
ZJ.SK22A 48.6199 21.7213 387
ZJ.PL19A 50.283 20.9442 372
ZJ.PL20A 49.2957 19.8947 323
ZJ.PL21A 49.5584 19.8706 316
ZJ.PL22A 49.8359 20.0737 342
ZJ.PL23A 50.2339 20.3234 371
ZJ.PL24A 49.7238 19.0043 335
ZJ.HU06A 46.7123 20.5675 417
ZJ.PL25A 49.9182 19.5279 333
ZJ.SK03A 49.1745 18.8611 420
ZJ.SK04A 48.8668 19.138 400
ZJ.SK05A 48.5093 19.1427 396
ZJ.SK06A 49.1505 19.4678 367
ZJ.SK07A 48.9247 19.7525 177
ZJ.SK11A 48.8485 20.1878 354
ZJ.HU22A 46.328 19.131 382
ZJ.HU23A 47.639 20.2496 431
ZJ.HU24A 46.9098 21.159 426
ZJ.JOS 48.4955 20.5374 438
ZJ.PL01A 49.0639 22.6842 333
ZJ.SK14A 49.0006 20.7428 147
ZJ.SK08A 48.569 19.7126 316
ZJ.PL04A 50.2397 23.2288 89