CH.ACB 47.5877 8.25474 642
CH.AIGLE 46.3418 6.95295 621
CH.BALST 47.3358 7.69498 606
CH.BERGE 47.8716 8.17798 628
CH.BERNI 46.4136 10.0231 613
CH.METMA 47.7122 8.25262 643
CH.MMK 46.0507 7.96409 642
CH.MTI02 47.3793 7.16525 628
CH.MUGIO 45.9218 9.04171 641
CH.MUO 46.9677 8.63706 643
CH.EMING 47.8952 8.84676 638
CH.EMMET 47.4376 8.01358 638
CH.FIESA 46.4352 8.11051 646
CH.FUORN 46.6203 10.2636 522
CH.FUSIO 46.4548 8.6629 643
CH.SIMPL 46.2396 8.01958 653
CH.SLE 47.7645 8.49236 630
CH.SULZ 47.5275 8.11187 642
CH.TORNY 46.7736 6.95874 609
CH.VANNI 46.2101 7.59678 634
CH.VDL 46.4832 9.44956 628
CH.BNALP 46.8703 8.4249 628
CH.BOURR 47.3936 7.2301 624
CH.BRANT 46.938 6.47298 705
CH.DAGMA 47.2309 8.01248 644
CH.DAVOX 46.7805 9.87952 637
CH.DIX 46.0811 7.40839 662
CH.EMBD 46.2165 7.83223 624
CH.GRIMS 46.5781 8.31886 643
CH.HASLI 46.7568 8.15117 647
CH.LAUCH 46.4155 7.77166 644
CH.LIENZ 47.2944 9.49177 598
CH.LLS 46.8468 9.00825 572
CH.NALPS 46.5951 8.74828 530
CH.PANIX 46.8257 9.11171 639
CH.PLONS 47.0492 9.38076 641
CH.ROTHE 47.4761 7.92093 643
CH.SENIN 46.3633 7.29938 641
CH.WALHA 47.7528 9.1231 640
CH.WILA 47.4146 8.90753 641
CH.WIMIS 46.6649 7.62418 642
CH.ZUR 47.3692 8.58088 643
CH.LKBD2 46.3745 7.64433 486
CH.WOLEN 46.9978 7.3688 577
Z3.A061A 47.0984 8.92522 531
Z3.A062A 46.1808 9.1126 446
CH.GIMEL 46.5336 6.26545 488
CH.ROMAN 47.5643 9.33601 606
CH.SAIRA 47.3027 7.08645 482
Z3.A060B 46.993 7.97764 283
Z3.A060A 47.0305 7.8904 166
CH.OTER1 47.5778 7.6039 257
XT.AAE33 47.7278 13.4307 194
XT.AAE32 47.8188 13.2733 165
XT.AAE19 48.9712 13.4825 110
XT.AAE11 49.703 13.4692 196
XT.AAE13 49.5289 13.4547 194
XT.AAE17 49.1554 13.4379 184
XT.AAE35 47.5485 13.4261 167
XT.AAE36 47.4541 13.2486 182
XT.AAE37 47.3677 13.4373 156
XT.AAE02 50.5107 13.2526 179
XT.AAE03 50.4306 13.43 179
XT.AAE38 47.2731 13.2526 140
XT.AAE39 47.186 13.4194 143
XT.AAE40 47.1045 13.2135 169
XT.AAE41 47.0096 13.4352 158
XT.AAE06 50.1747 13.252 155
XT.AAE07 50.0733 13.4219 176
XT.AAE09 49.889 13.4135 182
XT.AAE10 49.7998 13.2509 177
XT.AAE14 49.4427 13.2495 176
XT.AAE01 50.6074 13.432 133
XT.AAE04 50.3545 13.2588 168
XT.AAE08 49.991 13.2322 175
XT.AAE12 49.6045 13.2629 178
XT.AAE15 49.3648 13.4141 174
XT.AAE18 49.0982 13.2165 127
XT.AAE20 48.8896 13.2981 152
XT.AAE16 49.2642 13.2193 174
XT.AAE42 46.9086 13.27 148
XT.AAE43 46.8405 13.4378 147
XT.AAE44 46.7332 13.2491 148
XT.AAE45 46.6339 13.4147 147
XT.AAE46 46.5641 13.2539 109
XT.AAE05 50.2522 13.3696 155
XT.AAE28 48.1861 13.2633 165
XT.AAE21 48.8037 13.4192 148
XT.AAE22 48.719 13.2616 147
XT.AAE23 48.6418 13.4277 147
XT.AAE24 48.531 13.2741 110
XT.AAE25 48.467 13.4076 148
XT.AAE26 48.3569 13.2878 147
XT.AAE27 48.2803 13.4336 137
XT.AAE29 48.09 13.4478 159
XT.AAE30 48.0017 13.2646 160
XT.AAE31 47.913 13.4361 158
XT.AAE34 47.636 13.2614 135
XT.AAE47 46.4628 13.4375 122
XT.AAE48 46.3796 13.2698 159
XT.AAE49 46.3069 13.4009 157
XT.AAE50 46.202 13.2657 158
XT.AAE51 46.1294 13.432 146
XT.AAE52 46.0136 13.2945 158
XT.AAE53 45.9254 13.402 131
XT.AAE54 45.8418 13.2583 146
XT.AAE55 45.7552 13.4208 158
SL.BOJS 45.5043 15.2518 628
SL.CADS 46.2281 13.7368 619
SL.CEY 45.7381 14.4221 631
SL.CRES 45.826 15.4569 634
SL.DOBS 46.1495 15.4695 610
SL.GBAS 45.9348 14.4434 631
SL.GBRS 45.5311 14.8101 625
SL.GCIS 45.8672 15.6275 617
SL.GOLS 46.0108 15.6245 598
SL.GORS 46.3174 13.9999 618
SL.GROS 46.461 15.5018 600
SL.JAVS 45.8934 14.0643 608
SL.KNDS 45.5278 14.3807 627
SL.LJU 46.0438 14.5278 631
SL.MOZS 46.2941 14.4433 630
SL.PDKS 46.0612 14.9977 599
SL.PERS 46.6365 15.1139 615
SL.KOGS 46.4481 16.2504 625
SL.ROBS 46.2445 13.5094 623
SL.SKDS 45.5464 14.0143 627
SL.VISS 45.8033 14.8393 621
SL.VNDS 46.1016 14.7014 595
SL.VOJS 46.0322 13.8877 608
SL.CRNS 46.0807 14.2613 618
SL.ZAVS 46.4342 15.0246 497
Z3.A410A 43.5866 8.0732 79
Z3.A415A 42.4119 6.41093 120
Z3.A405A 42.4116 5.30365 120
Z3.A412A 41.6476 4.74483 119
Z3.A414A 42.1783 5.85832 121
Z3.A417A 42.8796 7.51782 116
Z3.A421A 41.7153 5.84997 120
Z3.A428A 41.7102 6.96383 126
Z3.A430A 42.1779 7.98092 117
Z3.A402A 42.8793 5.3005 118
Z3.A404A 42.1782 5.01927 117
Z3.A409A 43.3482 7.51672 115
Z3.A418A 42.9999 8.0709 112
Z3.A423A 42.1784 6.96405 120
Z3.A406A 42.6467 5.85667 117
Z3.A420A 43.4537 9.19548 89
Z3.A434A 43.8503 9.22987 109
FR.OGAG 44.7878 6.53974 137
FR.OGS1 45.0608 5.80467 147
FR.OGS2 45.0645 5.80132 140
FR.OGS3 45.0695 5.80607 125
RD.MTLF 43.3411 2.2175 146
RD.ORIF 44.9183 5.88 156
FR.ARTF 43.5882 5.8067 96
FR.OGDI 44.1093 6.2253 85
FR.SMPL 42.0945 9.2847 144
FR.AJAC 41.9279 8.763 112
FR.CORF 42.298 9.153 64
FR.FILF 42.5602 2.4171 127
FR.SAOF 43.986 7.5532 161
FR.SJAF 42.4835 2.8762 135
RD.PGF 42.5483 8.9994 128
FR.ARBF 43.4917 5.3325 45
FR.BANN 44.3689 4.1563 135
FR.BLAF 43.951 6.045 74
FR.BSTF 43.8009 5.6433 82
FR.MLYF 43.988 5.7675 52
FR.MON 43.7303 7.42469 55
FR.MVIF 43.896 7.153 73
FR.SURF 44.4809 6.8117 124
FR.CALF 43.7528 6.9218 120
FR.EILF 43.5479 7.1312 107
FR.ESCA 43.831 7.3744 98
FR.ISO 44.184 7.05 162
FR.RUSF 43.9412 5.4837 92
FR.TURF 43.9749 7.3919 109
FR.SAUF 43.9377 5.1064 97
FR.CARF 42.7149 2.1046 76
FR.CLAF 43.135 3.09 65
Z3.A186B 44.793 5.5892 19
Z3.A187A 44.7343 3.3398 71
Z3.A188A 44.6001 3.9367 71
Z3.A190A 44.3246 2.8695 49
Z3.A191A 44.3193 3.5378 75
FR.SPIF 44.0558 7.2366 97
FR.TRIGF 43.7471 6.4074 88
FR.LAJAS 43.9698 3.22136 50
FR.MORSI 42.953 9.363 94
Z3.A199A 43.7438 3.6883 67
Z3.A201A 43.5006 4.7917 67
Z3.A204A 43.2413 5.6099 72
Z3.A205A 43.2001 6.2335 86
Z3.A206A 43.2197 6.601 108
Z3.A208A 42.2326 8.7937 78
Z3.A209B 42.5029 9.5066 13
Z3.A216A 44.4291 5.54989 26
Z3.A217A 44.3701 6.0733 43
FR.ENAUX 44.1095 6.7775 79
FR.FLAF 43.3827 6.2548 62
FR.FNEB 42.9031 2.1064 95
Z3.A182A 44.9695 2.8069 63
Z3.A183A 45.0107 3.663 47
Z3.A184A 44.892 4.4516 89
Z3.A192A 44.5069 4.5869 44
Z3.A193A 44.3712 5.14762 62
Z3.A194A 44.3933 6.5023 60
Z3.A195A 43.9752 2.7193 53
Z3.A196A 44.0515 4.528 59
Z3.A198A 43.6006 2.8004 54
FR.OGSA 45.0368 6.40152 81
FR.OGVG 44.8152 6.11233 96
FR.OGCB 44.8501 5.09654 81
FR.TRBF 44.1054 3.9587 35
Z3.A185A 45.1209 5.0728 20
Z3.A186A 44.7932 5.5891 5
Z3.A200A 43.6927 4.1885 14
Z3.A202A 43.5025 3.2602 46
FR.VALC 42.3876 2.04036 48
FR.SALSA 43.881 6.6888 29
FR.PIAF 44.1164 7.61747 52
Z3.A192B 44.5006 4.57526 19
FR.OGCC 44.4291 5.54989 24
FR.VAL4 44.9057 4.89205 11
RD.FLAF 43.3827 6.2549 15
FR.OGLC 44.3703 6.074 12
FR.LEUC 44.7606 2.55412 9
FR.AGO 46.052 3.131 304
FR.BOUC 47.2469 6.25606 387
FR.CFF 45.763 3.111 647
FR.CHMF 47.2484 6.6517 636
Z3.A161A 47.5835 6.0108 314
Z3.A163A 47.197 5.20102 384
Z3.A164A 47.1042 5.8104 361
Z3.A165A 46.9102 3.4984 314
Z3.A166A 46.9816 4.14798 243
Z3.A168A 46.5604 3.9329 340
Z3.A169A 46.5963 4.58183 294
Z3.A170A 46.3781 3.4474 338
Z3.A171A 46.2008 4.1125 342
Z3.A172A 46.3858 5.2132 239
Z3.A173A 46.3296 6.6808 402
Z3.A176A 45.7178 4.0666 344
Z3.A177A 45.5963 4.6086 339
FR.OGMO 45.2086 6.68308 613
Z3.A167A 46.7469 5.31951 345
Z3.A178A 45.8107 6.2004 126
Z3.A179A 45.4723 2.9722 325
Z3.A180A 45.3113 4.0427 354
Z3.A181A 45.3805 6.302 327
Z3.A210A 48.8277 5.92254 246
Z3.A211A 48.4071 6.61952 228
Z3.A212A 48.0931 5.0444 304
Z3.A215A 45.4307 5.23226 501
Z3.A156A 47.9467 4.5341 325
Z3.A157A 48.0025 5.73258 77
Z3.A158A 48.0044 6.347 494
Z3.A160A 47.6908 5.0502 382
FR.CIEL 48.8326 7.36375 362
FR.COLF 45.5004 3.6937 343
FR.GRN 45.2413 5.7439 540
FR.ILLK 48.516 7.71682 472
FR.LBL 45.232 3.247 239
FR.MOF 47.851 7.134 435
FR.OG02 46.1542 6.22021 589
FR.OG35 46.0448 5.57181 635
FR.OGGM 45.2057 6.11673 442
FR.OGMY 45.881 5.88932 473
FR.OGRV 46.3459 4.7522 311
FR.OGSI 46.0567 6.75611 403
FR.OGSM 45.6093 5.69724 639
FR.PLDF 45.97 3.621 340
FR.PLYF 46.9565 4.7442 333
FR.RIVEL 46.759 5.92249 402
FR.RONF 47.7107 6.6472 448
FR.RSL 45.6882 6.62452 586
FR.STR 48.5799 7.7633 565
FR.SZBH 48.9325 7.86305 379
FR.VDH4 48.6525 7.78374 339
FR.WLS 48.4127 7.3536 638
G.ECH 48.2163 7.15896 634
G.SSB 45.279 4.542 618
RD.LOR 47.2683 3.8589 621
FR.FRNF 45.385 2.563 187
Z3.A155A 48.4312 6.08404 257
Z3.A157B 47.9929 5.79934 245
Z3.A159A 47.6439 4.31789 279
Z3.A162A 47.3055 4.57935 272
Z3.A174A 45.9926 4.4619 332
Z3.A175A 45.9427 5.0747 332
Z3.A178B 45.6877 6.30458 118
Z3.A213A 47.4967 5.4799 368
Z3.A151A 48.882 6.37985 270
Z3.A152A 48.7248 6.85392 272
Z3.A153A 48.318 4.7968 275
Z3.A154A 48.4417 5.51523 256
FR.ILLF 47.6834 7.2543 262
FR.LEMB 49.0339 7.75891 243
FR.NEEW 48.956 8.10404 184
FR.OPS 48.9213 7.88278 196
FR.VERF 45.749 2.483 175
FR.WALT 47.9657 7.27652 271
FR.BETS 48.8936 7.92429 92
Z3.A214A 46.362 5.8003 146
FR.XAFF 48.4071 6.61952 126
Z3.A166B 46.9821 4.14769 100
FR.OGCN 45.1539 5.08897 103
FR.MANO 48.8277 5.92254 118
FR.HOHE 48.6587 7.4843 128
FR.VOEL 48.9667 7.12266 123
FR.ZELS 48.3023 7.63158 125
Z3.A172B 46.4101 5.26468 72
RD.ETNF 48.2622 6.0382 67
RD.SAVF 48.6152 5.1241 55
IV.PTCC 46.4075 13.354 891
IV.STAL 46.2601 12.7104 819
SI.RISI 46.948 12.0787 797
Z3.A301A 45.6198 12.621 90
Z3.A300A 45.8193 13.128 90
Z3.A303A 45.3443 12.3182 28
RF.GEPF 46.275 13.1386 702
MN.TRI 45.709 13.764 537
NI.POLC 46.0266 12.5005 638
NI.VINO 46.2538 13.2755 588
OX.CIMO 46.3116 12.4448 603
OX.VARN 45.9922 12.1051 734
OX.ZOU2 46.5584 12.9729 729
OX.ACOM 46.548 13.5137 751
OX.CLUD 46.4569 12.8814 735
OX.MPRI 46.2408 12.9877 729
OX.MLN 46.1495 12.6154 653
OX.BAD 46.234 13.2438 653
OX.PRED 46.4428 13.565 670
OX.PLRO 46.5491 13.1481 666
OX.DRE 46.1733 13.645 667
OX.FUSE 46.4142 13.0011 659
OX.SABO 45.9875 13.6336 683
OX.AGOR 46.2329 12.0472 210
OX.BOO 46.3195 13.0984 573
OX.CAE 46.009 12.4379 606
NI.PURA 46.4258 12.7419 291
OE.LESA 47.4243 12.677 263
NI.PALA 46.245 12.924 148
Z3.A304A 45.0167 12.0335 85
OE.ABTA 46.7474 12.5123 298
OE.KBA 47.0784 13.3447 319
OE.MYKA 46.6299 13.6416 281
OE.OBKA 46.5092 14.5489 298
Z3.A001A 48.7287 16.5904 184
Z3.A002A 48.3175 16.6152 25
Z3.A004A 47.9629 16.3971 139
Z3.A016A 48.3014 14.6496 179
Z3.A017A 47.948 14.7589 147
Z3.A018A 47.7437 15.0776 259
Z3.A019A 47.4457 15.0856 250
Z3.A028A 47.103 13.9958 179
Z3.A029A 47.4301 13.7611 312
Z3.A030A 47.8277 13.5612 251
Z3.A031A 48.4272 13.4975 254
Z3.A006A 48.7404 16.0203 153
Z3.A007A 48.7162 15.5288 172
Z3.A008A 48.3687 15.6522 146
Z3.A009A 47.6775 16.0904 152
Z3.A010A 47.0733 16.0793 216
Z3.A011A 47.3908 16.0077 26
Z3.A012A 47.604 15.586 201
Z3.A013A 48.0635 15.4063 205
Z3.A005A 48.3784 16.1207 25
Z3.A014A 48.3483 15.1619 130
Z3.A020A 46.9484 15.2994 181
Z3.A027A 46.8159 14.0074 273
Z3.A032A 48.123 13.3063 135
Z3.A021A 46.7566 15.8253 266
Z3.A023A 48.4608 14.0707 273
Z3.A024A 48.2131 14.1367 48
Z3.A025A 47.5207 14.4165 241
Z3.A026A 46.9332 14.5516 281
Z3.A033A 47.4797 13.126 268
Z3.A034A 46.9091 13.0787 280
Z3.A035A 47.1968 12.7209 191
Z3.A036A 47.3789 12.3084 205
Z3.A037A 47.0703 10.2643 235
Z3.A038A 47.4642 11.9189 226
Z3.A015A 48.9334 14.9936 207
Z3.A022A 48.6348 14.7326 230
Z3.A005B 48.3719 16.2054 132
Z3.A011B 47.4086 15.9587 170
Z3.A024B 48.1002 14.1399 170
YP.CT52 45.0359 6.4 20
YP.CT09 44.4295 5.7144 28
YP.CT01 44.2562 4.7991 26
YP.CT04 44.371 5.1477 30
YP.CT06 44.3824 5.3872 24
YP.CT08 44.4119 5.6051 24
YP.CT23 44.6642 6.6848 38
YP.CT24 44.7288 6.7449 40
YP.CT25 44.7255 6.7705 62
YP.CT26 44.765 6.8042 56
YP.CT28 44.7954 6.9237 54
YP.CT33 44.825 7.201 32
YP.CT05 44.3705 5.2677 18
YP.CT14 44.4609 6.1375 42
YP.CT15 44.4693 6.2362 78
YP.CT16 44.4771 6.314 46
YP.CT21 44.654 6.56859 46
YP.CT35 44.9214 7.3329 58
YP.CT39 45.0723 7.7928 58
YP.CT40 45.0693 7.917 46
YP.CT45 45.0441 8.5425 18
YP.CT46 44.989 8.6687 26
YP.CT47 43.9285 5.1865 62
YP.CT49 44.1803 6.6246 20
YP.CT27 44.7662 6.8799 46
YP.CT29 44.7742 6.9548 52
YP.CT19 44.5409 6.5198 24
YP.CT10 44.4373 5.794 24
YP.CT12 44.4751 5.9826 24
YP.CT13 44.4596 6.0559 28
YP.CT20 44.5854 6.5389 36
YP.CT30 44.7732 7.0393 34
YP.CT32 44.8091 7.1301 62
YP.CT37 45.035 7.4967 28
YP.CT18 44.5006 6.4555 26
YP.CT22 44.6663 6.6248 30
YP.CT44 45.0657 8.4265 40
YP.CT36 44.9894 7.3947 44
YP.CT17 44.5041 6.3576 32
YP.CT42 45.099 8.1729 22
YP.CT43 45.0922 8.3173 52
YP.CT50 44.562 7.32008 66
YP.CT03 44.3244 5.0275 16
YP.CT11 44.4537 5.9026 28
YP.CT41 45.0866 8.0426 32
YP.CT02 44.2873 4.9139 14
YP.CT31 44.7982 7.0814 44
YP.CT34 44.8275 7.2581 42
YP.CT54 45.3604 7.3447 42
YP.CT55 45.5002 7.9002 68
YP.CT56 45.5781 8.5137 38
YP.CT53 45.2215 6.79001 72
YP.CT07 44.4105 5.517 12
YP.CT51 44.7135 5.4318 36
YP.CT38 45.0186 7.7484 22
CR.RIY 45.3251 14.4828 479
CR.ZAG 45.8294 15.9942 591
Z3.A050A 44.4818 16.5313 429
CR.BRJN 44.9059 13.7505 404
CR.HVAR 43.1776 16.4488 236
CR.KALN 46.1312 16.4555 440
CR.KIJV 44.0049 16.4047 266
CR.MORI 43.866 15.7073 326
CR.MOSL 45.6135 16.7544 413
CR.SMRN 45.0361 14.1549 277
CR.UDBI 44.5279 15.7644 395
CR.VIRC 44.2925 15.054 313
CR.NVLJ 44.5635 14.8712 433
CR.OZLJ 45.6153 15.4673 410
CR.PLIT 44.8784 15.6231 444
CR.PTJ 45.909 15.973 461
CR.RABC 44.7504 14.7821 391
Z3.A051A 45.0125 16.9069 431
Z3.A052A 45.1026 17.5139 418
Z3.A250A 45.084 14.9106 311
Z3.A252A 45.4356 17.8482 434
Z3.A251A 45.1286 16.2664 223
HU.PSZ 47.9182 19.8934 620
HU.AMBH 46.3501 20.7258 385
HU.BEHE 46.4703 16.7755 491
HU.BSZH 47.2996 20.267 532
HU.BUD 47.4831 19.0201 614
HU.LTVH 47.3849 21.9007 449
HU.MPLH 47.1712 17.5348 545
HU.SOP 47.6807 16.5567 625
SK.CRVS 48.9022 21.4614 431
SK.KOLS 48.9333 22.2731 484
SK.VYHS 48.494 18.8361 583
SK.ZST 48.1961 17.1025 509
HU.MORH 46.215 18.6436 581
HU.CSKK 47.3631 18.2606 503
HU.EGYH 47.4162 17.3317 525
HU.KOVH 46.0883 18.0999 483
Z3.A271A 47.1547 18.8341 269
Z3.A272A 46.7444 18.9654 261
Z3.A273A 45.9163 17.8161 446
Z3.A331A 49.1501 18.2209 530
Z3.A332A 48.8045 18.4645 522
Z3.A333A 48.7156 17.1041 512
Z3.A260A 47.2834 16.7056 457
Z3.A261A 46.952 17.1486 464
Z3.A262A 46.8642 16.5276 461
Z3.A263A 46.6408 17.3149 477
Z3.A264A 46.1597 17.2897 455
HU.TIH 46.9001 17.8877 435
SK.MODS 48.373 17.277 433
Z3.A270A 47.8452 19.0186 389
Z3.A334A 48.6044 17.6747 512
Z3.A335A 48.4469 18.3359 525
Z3.A336A 48.2333 18.999 520
Z3.A337A 48.2443 17.7898 521
Z3.A338A 48.0152 18.3525 500
Z3.A339A 47.8294 17.6559 516
Z3.A265A 46.4244 17.7954 459
Z3.A266A 46.5256 18.2647 459
Z3.A267A 46.9463 18.482 467
Z3.A268A 47.4313 17.9238 446
Z3.A269A 47.6386 18.3824 464
HU.TRPA 48.1304 22.5391 434
Z3.A072A 49.4683 13.1735 486
Z3.A076A 49.6168 14.1494 470
Z3.A073A 49.9916 13.2331 452
Z3.A084A 48.9434 15.7007 490
Z3.A086A 49.8528 16.1457 458
Z3.A087A 49.7049 16.8893 472
Z3.A088A 49.4303 17.2911 232
Z3.A074A 49.6715 13.5309 458
Z3.A081A 50.0752 15.0341 438
Z3.A090A 49.3655 17.8278 448
Z3.A075A 50.0377 13.8737 451
Z3.A080A 49.684 14.9288 443
Z3.A082A 50.061 15.6502 417
Z3.A085A 49.4392 16.1962 485
Z3.A079A 49.2288 14.7074 446
Z3.A083A 49.6959 15.6077 480
Z3.A078A 48.864 14.2845 367
Z3.A071A 49.7419 12.6911 434
Z3.A077A 49.2705 14.0739 460
Z3.A089A 49.1521 17.092 423
CZ.DPC 50.3502 16.3222 631
CZ.JAVC 48.8591 17.6707 620
CZ.KHC 49.1309 13.5782 632
CZ.KRLC 50.0966 16.8341 593
CZ.KRUC 49.0619 16.3952 632
CZ.MORC 49.7766 17.5428 624
CZ.NKC 50.2331 12.4479 508
CZ.OKC 49.8346 18.14 638
CZ.PRA 50.0703 14.4331 340
CZ.PRU 49.9883 14.5417 632
CZ.PVCC 50.5282 14.569 631
CZ.TREC 49.2948 15.4871 629
CZ.UPC 50.5074 16.0121 635
CZ.VRAC 49.3084 16.5933 630
CZ.CKRC 48.8199 14.3095 476
CZ.GOPC 49.914 14.787 384
CZ.HSKC 50.6072 13.4317 358
CZ.OSTC 50.5565 16.2156 520
CZ.CHVC 50.5881 16.0547 454
CZ.PBCC 49.6856 13.9953 23
GE.STU 48.7719 9.195 628
GR.AHRW 50.541 7.076 542
GR.BFO 48.3311 8.3303 635
GR.BRG 50.8748 13.9469 630
GR.FUR 48.1639 11.2768 631
GR.GEC2 48.8443 13.7006 630
GR.GRC1 48.9962 11.5213 634
GR.GRC2 48.8676 11.3755 624
GR.GRC3 48.8902 11.5858 634
GR.GRC4 49.0867 11.5263 633
GR.MOX 50.6461 11.6161 623
GR.TMO22 49.2192 8.1848 613
TH.GRZ1 50.6908 12.2196 614
TH.HKWD 50.8297 12.2681 617
TH.HWTS 50.5923 11.4722 616
TH.LEIB1 50.5761 11.1978 629
TH.MLFH 50.7898 12.0809 591
TH.MODW 50.9427 12.4684 555
GR.GRA1 49.6919 11.2217 622
GR.GRA2 49.6552 11.3594 551
GR.GRA3 49.7622 11.3187 629
GR.GRA4 49.5654 11.4359 617
GR.GRB1 49.3913 11.652 626
GR.GRB2 49.2709 11.67 629
GR.GRB3 49.3435 11.806 633
GR.GRB4 49.4689 11.5608 541
GR.GRB5 49.1121 11.6767 635
TH.PLN 50.4852 12.1573 591
TH.TAUT 50.9816 11.7107 608
TH.THWA 50.7626 10.6771 288
TH.VITZ 50.8876 10.0917 603
TH.WESF 50.5375 11.2123 523
TH.ZEU 50.6706 11.9771 596
GR.TNS 50.2236 8.4489 619
GR.UBBA 50.8188 10.001 530
GR.UBR 47.6799 10.1071 632
GR.WET 49.1448 12.8803 619
TH.ABG1 50.9676 12.5763 628
TH.CRUX 50.602 10.7921 558
SX.TANN 50.415 12.461 588
TH.ANNA 50.889 12.645 522
IU.GRFO 49.6909 11.2203 973
GR.MILB 49.8284 9.2923 570
BW.BE1 47.9108 11.2213 518
BW.FFB1 48.1629 11.2751 545
BW.KW1 48.1219 12.5972 504
BW.MANZ 49.9862 12.1083 456
BW.MGS04 47.9797 11.7188 473
BW.ROTZ 49.7669 12.207 510
BW.SCE 47.0378 11.709 510
Z3.A104A 48.0628 9.71035 225
Z3.A104B 48.0757 9.7032 106
Z3.A105A 47.407 10.2934 313
Z3.A107C 48.0194 10.1998 193
Z3.A108A 48.3477 9.83113 312
Z3.A109A 48.4438 9.45858 292
Z3.A355A 49.349 12.3832 421
Z3.A356A 49.0371 12.2138 460
Z3.A357B 48.7026 11.9466 357
Z3.A358A 48.8697 13.1943 438
Z3.A359A 48.8331 12.6421 186
Z3.A360A 48.7289 10.297 483
Z3.A361A 48.7908 10.8171 466
Z3.A362A 48.3637 10.4022 438
Z3.A103A 47.8102 9.52212 167
Z3.A111A 49.8478 10.2132 508
Z3.A354A 49.4523 10.969 481
Z3.A119A 49.0071 10.0384 513
Z3.A121A 47.8354 7.72581 268
Z3.A123A 48.6115 7.89096 445
Z3.A125A 48.9743 8.68367 362
Z3.A126A 48.9893 8.49214 382
Z3.A128A 49.3986 8.59629 470
Z3.A129A 49.3426 7.74195 281
Z3.A141A 47.7528 11.8492 462
Z3.A363A 48.523 10.9334 484
Z3.A364A 48.5018 11.4507 380
Z3.A365A 48.1651 10.7334 485
Z3.A366A 47.8333 10.6235 467
Z3.A367A 48.3073 11.923 430
Z3.A368A 49.1259 10.5469 433
Z3.A369A 49.1161 11.0216 463
Z3.A143A 47.6836 11.0034 474
Z3.A144A 48.0981 12.0834 413
Z3.A145A 47.8693 12.3915 477
Z3.A146A 48.2928 12.975 478
Z3.A147B 48.53 12.9776 380
Z3.A148B 48.5094 12.4767 371
Z3.A112A 49.6499 7.90856 375
Z3.A113A 49.546 8.72964 296
Z3.A114A 49.5901 9.1824 454
Z3.A115A 49.274 9.05236 427
Z3.A116A 49.398 9.48334 344
Z3.A117A 49.0441 9.56839 465
Z3.A118B 49.3447 9.97441 307
Z3.A100A 48.453 8.92609 316
Z3.A101B 48.1182 8.55019 297
Z3.A350A 50.1674 11.5708 463
Z3.A351B 50.0019 10.7612 312
Z3.A352A 49.8214 11.6903 472
Z3.A353A 49.5178 10.5426 467
Z3.A124A 48.6539 8.4941 331
Z3.A103B 47.8102 9.52224 18
Z3.A106B 48.7534 9.72194 211
BW.RJOB 47.7372 12.7957 433
Z3.A127A 49.1967 7.97808 311
Z3.A351A 50.003 10.7922 71
Z3.A357A 48.6998 11.9992 86
Z3.A148A 48.478 12.4605 138
Z3.A147A 48.5379 12.9455 98
Z3.A118A 49.3542 9.96992 22
BW.RNON 47.7405 12.8671 224
Z3.A102A 48.14 9.19935 276
Z3.A122A 48.2785 7.86782 345
Z3.A140A 47.5522 11.4363 140
GU.BHB 44.8352 7.26333 592
GU.CARD 44.026 10.4821 636
GU.CIRO 45.6019 7.5682 562
GU.ENR 44.2267 7.42033 608
IV.MONC 45.0739 7.9271 629
IV.MRGE 45.7697 7.06101 611
IV.MSSA 44.3162 9.51739 630
IV.MTRZ 44.3128 11.4248 614
IV.NARO 43.6108 12.5806 412
IV.OSSC 43.5236 11.2458 670
IV.PARC 43.6486 12.2386 579
IV.PESA 43.9411 12.8402 549
IV.TEOL 45.3617 11.6739 615
IV.VARE 45.8677 8.77 594
IV.ZCCA 44.3508 10.9765 629
MN.BNI 45.052 6.678 670
MN.TUE 46.4722 9.34732 550
MN.VLC 44.1594 10.3864 570
SI.ABSI 46.7285 11.3205 307
SI.BOSI 46.4952 11.3185 635
IV.CAVE 44.8658 11.0031 627
IV.CELB 42.7466 10.2107 508
IV.CRE 43.6189 11.9517 545
IV.CRMI 43.7956 10.9795 576
IV.CSNT 43.4731 11.2902 559
IV.CTI 46.0482 11.6497 623
IV.FIR 43.7744 11.2551 457
IV.FNVD 44.1678 11.1229 622
IV.FSSB 43.6931 12.7771 452
IV.PLMA 44.0498 9.85365 604
IV.PRMA 44.7637 10.3131 637
IV.QLNO 44.3242 8.34592 614
IV.ROVR 45.6468 11.0721 507
IV.RSM2 43.9377 12.4451 522
IV.SALO 45.6183 10.5243 492
GU.MAIM 43.9142 10.4915 633
GU.MGRO 44.0426 7.8082 425
GU.PCP 44.5413 8.54517 622
GU.POPM 44.045 10.757 408
GU.PZZ 44.5068 7.116 627
GU.EQUI 44.166 10.153 587
GU.TRAV 45.5127 7.747 636
IV.MDI 45.7697 9.716 492
IV.PII 43.7219 10.525 554
SI.KOSI 46.463 11.3778 395
SI.LUSI 45.9595 10.9436 633
SI.MOSI 46.6164 10.5495 632
SI.ROSI 46.9281 11.4118 634
IV.FVI 46.5966 12.7804 518
IV.GROG 43.4262 9.89201 444
IV.IMI 43.9105 7.89317 498
IV.LMD 44.0775 11.7073 612
IV.MABI 46.0549 10.514 629
IV.MAGA 45.7753 10.6286 476
IV.APEC 43.5585 12.4199 589
IV.ASQU 43.7967 11.7893 518
IV.BDI 44.0628 10.5956 617
IV.BOB 44.7679 9.44782 599
IV.BRIS 44.2245 11.7666 571
IV.BRMO 46.4762 10.3722 611
GU.GBOS 44.2416 7.8399 524
GU.GORR 44.6071 9.2926 635
GU.GRAM 44.4913 10.0658 617
GU.LSD 45.4595 7.13433 496
GU.ROTM 44.8493 8.3527 641
GU.RSP 45.1482 7.26533 573
GU.SATI 45.8753 7.8685 509
GU.STV 44.2455 7.326 521
GU.RORO 44.1122 8.06617 620
IV.SEI 44.0543 11.3586 500
GU.GSCL 44.3505 10.5881 472
OX.BALD 45.683 10.8187 407
OX.CGRP 45.8806 11.8047 457
IV.MAGO 43.2732 10.6579 50
IV.NDIM 44.8873 10.8987 320
IV.ZONE 45.7636 10.1171 496
OX.AGOR 46.2829 12.0472 373
IV.ORZI 45.4056 9.9307 501
OX.MARN 45.6378 11.2099 410
GU.BURY 43.7825 7.5569 561
GU.CANO 44.2075 8.2372 471
IV.OPPE 45.3082 11.1724 483
IV.MILN 45.4803 9.2321 578
GU.REMY 45.8378 7.1565 400
GU.RNCA 44.4712 8.9512 451
IV.SARZ 44.8673 8.9136 493
GU.RRL 44.9208 6.79083 600
NI.DST2 45.6587 13.8013 50
Z3.A281A 44.8534 7.7099 473
Z3.A282A 45.2545 7.6133 513
Z3.A286A 45.366 8.8338 512
Z3.A287A 45.6225 8.361 508
Z3.A288A 46.0082 8.4818 392
Z3.A289A 46.0473 9.761 501
Z3.A280A 44.5391 7.9089 509
Z3.A284A 45.1371 9.3837 505
Z3.A285A 44.8939 9.9098 512
Z3.A291A 46.6246 11.8805 521
Z3.A283B 45.238 8.2885 398
Z3.A290A 46.5068 10.9028 405