YP.CT52 45.0359 6.4 147
YP.CT09 44.4295 5.7144 188
YP.CT01 44.2562 4.7991 190
YP.CT04 44.371 5.1477 191
YP.CT06 44.3824 5.3872 165
YP.CT08 44.4119 5.6051 186
YP.CT23 44.6642 6.6848 177
YP.CT24 44.7288 6.7449 185
YP.CT25 44.7255 6.7705 194
YP.CT26 44.765 6.8042 195
YP.CT28 44.7954 6.9237 170
YP.CT33 44.825 7.201 157
YP.CT05 44.3705 5.2677 172
YP.CT14 44.4609 6.1375 187
YP.CT15 44.4693 6.2362 206
YP.CT16 44.4771 6.314 190
YP.CT21 44.654 6.56859 185
YP.CT35 44.9214 7.3329 179
YP.CT39 45.0723 7.7928 198
YP.CT40 45.0693 7.917 150
YP.CT45 45.0441 8.5425 104
YP.CT46 44.989 8.6687 155
YP.CT47 43.9285 5.1865 202
YP.CT49 44.1803 6.6246 94
YP.CT27 44.7662 6.8799 179
YP.CT29 44.7742 6.9548 190
YP.CT19 44.5409 6.5198 166
YP.CT10 44.4373 5.794 182
YP.CT12 44.4751 5.9826 181
YP.CT13 44.4596 6.0559 152
YP.CT20 44.5854 6.5389 184
YP.CT30 44.7732 7.0393 189
YP.CT32 44.8091 7.1301 190
YP.CT37 45.035 7.4967 185
YP.CT18 44.5006 6.4555 179
YP.CT22 44.6663 6.6248 163
YP.CT44 45.0657 8.4265 163
YP.CT36 44.9894 7.3947 162
YP.CT17 44.5041 6.3576 183
YP.CT42 45.099 8.1729 175
YP.CT43 45.0922 8.3173 184
YP.CT50 44.562 7.32008 192
YP.CT03 44.3244 5.0275 182
YP.CT11 44.4537 5.9026 185
YP.CT41 45.0866 8.0426 175
YP.CT02 44.2873 4.9139 141
YP.CT31 44.7982 7.0814 167
YP.CT34 44.8275 7.2581 129
YP.CT54 45.3604 7.3447 156
YP.CT55 45.5002 7.9002 175
YP.CT56 45.5781 8.5137 128
YP.CT53 45.2215 6.79001 166
YP.CT07 44.4105 5.517 140
YP.CT51 44.7135 5.4318 148
YP.CT38 45.0186 7.7484 143