BW.BE1 47.9108 11.2213 192
BW.FFB1 48.1629 11.2751 202
BW.KW1 48.1219 12.5972 95
BW.MANZ 49.9862 12.1083 315
BW.MGS04 47.9797 11.7188 118
BW.RJOB 47.7372 12.7957 113
BW.RJOB 47.7373 12.7956 63
BW.RNON 47.7405 12.8671 162
BW.ROTZ 49.7669 12.207 415
BW.SCE 47.0378 11.709 274
CH.ACB 47.5877 8.25474 309
CH.AIGLE 46.3418 6.95295 223
CH.BALST 47.3358 7.69498 184
CH.BALST 47.336 7.69485 124
CH.BERGE 47.8716 8.17798 281
CH.BERNI 46.4136 10.0231 202
CH.BNALP 46.8703 8.4249 308
CH.BOURR 47.3936 7.2301 292
CH.BRANT 46.938 6.47298 248
CH.DAGMA 47.2309 8.01248 279
CH.DAVOX 46.7805 9.87952 306
CH.DIX 46.0811 7.40839 185
CH.EMBD 46.2165 7.83223 224
CH.EMING 47.8952 8.84676 284
CH.EMMET 47.4376 8.01358 336
CH.FIESA 46.4352 8.11051 262
CH.FUORN 46.6203 10.2636 275
CH.FUSIO 46.4548 8.6629 156
CH.GIMEL 46.5336 6.26545 178
CH.GRIMS 46.5781 8.31886 303
CH.HASLI 46.7567 8.15108 89
CH.HASLI 46.7568 8.15117 153
CH.LAUCH 46.4155 7.77166 233
CH.LIENZ 47.2944 9.49177 257
CH.LKBD2 46.3745 7.64433 273
CH.LLS 46.8468 9.00825 264
CH.METMA 47.7122 8.25262 289
CH.MMK 46.0507 7.96409 194
CH.MTI02 47.3793 7.16525 310
CH.MUGIO 45.9218 9.04171 120
CH.MUO 46.9677 8.63706 265
CH.NALPS 46.5951 8.74828 198
CH.PANIX 46.8257 9.11171 329
CH.PLONS 47.0492 9.38076 331
CH.ROMAN 47.5643 9.33601 256
CH.ROTHE 47.4761 7.92093 353
CH.SAIRA 47.3027 7.08645 267
CH.SENIN 46.3633 7.29938 336
CH.SIMPL 46.2396 8.01958 254
CH.SLE 47.7645 8.49236 381
CH.SULZ 47.5275 8.11187 373
CH.TORNY 46.7736 6.95874 237
CH.VANNI 46.2101 7.59678 129
CH.VDL 46.4832 9.44956 299
CH.WALHA 47.7528 9.1231 290
CH.WILA 47.4146 8.90753 191
CH.WILA 47.4148 8.9077 95
CH.WIMIS 46.6649 7.62418 221
CH.WOLEN 46.9978 7.3688 176
CH.ZUR 47.3692 8.58088 222
CR.BRJN 44.9059 13.7505 80
CR.HVAR 43.1776 16.4488 56
CR.KALN 46.1312 16.4555 94
CR.KIJV 44.0049 16.4047 35
CR.MORI 43.866 15.7073 60
CR.MOSL 45.6135 16.7544 58
CR.NVLJ 44.5635 14.8712 67
CR.OZLJ 45.6153 15.4673 49
CR.PLIT 44.8784 15.6231 87
CR.PTJ 45.909 15.973 57
CR.RABC 44.7504 14.7821 24
CR.RIY 45.3251 14.4828 41
CR.SMRN 45.0361 14.1549 73
CR.UDBI 44.5279 15.7644 34
CR.VIRC 44.2925 15.054 32
CR.ZAG 45.8294 15.9942 51
CZ.CHVC 50.5881 16.0547 11
CZ.CKRC 48.8199 14.3095 49
CZ.DPC 50.3502 16.3222 411
CZ.GOPC 49.914 14.787 63
CZ.HSKC 50.6072 13.4317 155
CZ.JAVC 48.8591 17.6707 154
CZ.KHC 49.1309 13.5782 154
CZ.KRLC 50.0966 16.8341 345
CZ.KRUC 49.0619 16.3952 194
CZ.MORC 49.7766 17.5428 420
CZ.NKC 50.2331 12.4479 173
CZ.OKC 49.8346 18.14 240
CZ.OSTC 50.5565 16.2156 16
CZ.PBCC 49.6856 13.9953 1
CZ.PRA 50.0703 14.4331 66
CZ.PRU 49.9883 14.5417 166
CZ.PVCC 50.5282 14.569 220
CZ.TREC 49.2948 15.4871 171
CZ.UPC 50.5074 16.0121 171
CZ.VRAC 49.3084 16.5933 366
FR.AGO 46.052 3.131 212
FR.AJAC 41.9279 8.763 14
FR.ARBF 43.4917 5.3325 34
FR.ARTF 43.5882 5.8067 157
FR.ASEAF 42.7948 6.1635 7
FR.BANN 44.3689 4.1563 153
FR.BANN 44.3689 4.15633 110
FR.BETS 48.8936 7.92429 42
FR.BLAF 43.951 6.045 7
FR.BOUC 47.2469 6.25606 229
FR.BSTF 43.8009 5.6433 8
FR.CALF 43.7528 6.9218 6
FR.CARF 42.7149 2.1046 5
FR.CFF 45.763 3.111 151
FR.CHMF 47.2484 6.6517 294
FR.CIEL 48.8326 7.36375 209
FR.CLAF 43.135 3.09 167
FR.COLF 45.5004 3.6937 191
FR.CORF 42.298 9.153 71
FR.EILF 43.5479 7.1312 12
FR.ENAUX 44.1095 6.7775 173
FR.ESCA 43.831 7.3744 13
FR.FILF 42.5602 2.4171 126
FR.FLAF 43.3827 6.2548 112
FR.FNEB 42.9031 2.1064 11
FR.FRNF 45.385 2.563 116
FR.GRN 45.2413 5.7439 136
FR.HOHE 48.6587 7.4843 144
FR.ILLF 47.6834 7.2543 162
FR.ILLK 48.516 7.71682 62
FR.ISO 44.184 7.05 7
FR.LAJAS 43.9698 3.22136 152
FR.LBL 45.232 3.247 166
FR.LEMB 49.0339 7.75891 216
FR.LEUC 44.7606 2.55412 102
FR.MANO 48.8277 5.92254 103
FR.MLYF 43.988 5.7675 7
FR.MOF 47.851 7.134 132
FR.MON 43.7303 7.42469 6
FR.MORSI 42.953 9.363 41
FR.MVIF 43.896 7.153 9
FR.NEEW 48.956 8.10404 68
FR.OG02 46.1542 6.22021 196
FR.OG35 46.0445 5.57127 10
FR.OG35 46.0448 5.57181 10
FR.OGAG 44.7878 6.53974 58
FR.OGCB 44.8501 5.09654 97
FR.OGCB 44.8502 5.09662 85
FR.OGCC 44.4291 5.54989 55
FR.OGCN 45.1539 5.08896 48
FR.OGCN 45.1539 5.08897 13
FR.OGDI 44.1093 6.2253 8
FR.OGGM 45.2057 6.11673 7
FR.OGLC 44.3703 6.074 3
FR.OGLC 44.3703 6.07404 71
FR.OGMO 45.2086 6.68308 217
FR.OGMY 45.881 5.88932 184
FR.OGRV 46.3459 4.7522 245
FR.OGS1 45.0608 5.80467 210
FR.OGS2 45.0645 5.80132 230
FR.OGS3 45.0695 5.80607 207
FR.OGSA 45.0368 6.40093 65
FR.OGSA 45.0368 6.40152 84
FR.OGSI 46.0565 6.75688 73
FR.OGSI 46.0567 6.75611 98
FR.OGSM 45.6092 5.69722 96
FR.OGSM 45.6093 5.69724 154
FR.OGVG 44.8152 6.11233 130
FR.OPS 48.9213 7.88278 65
FR.PIAF 44.1164 7.61747 10
FR.PLDF 45.97 3.621 197
FR.PLYF 46.9565 4.7442 205
FR.RIVEL 46.759 5.92249 233
FR.RONF 47.7107 6.6472 84
FR.RSL 45.6882 6.62452 21
FR.RUSF 43.9412 5.4837 1
FR.SALSA 43.881 6.6888 1
FR.SAOF 43.986 7.5532 18
FR.SAUF 43.9377 5.1064 51
FR.SJAF 42.4835 2.8762 240
FR.SMPL 42.0945 9.2847 10
FR.SPIF 44.0558 7.2366 12
FR.STR 48.5799 7.7633 19
FR.SURF 44.4809 6.8117 53
FR.SZBH 48.9325 7.86305 181
FR.TRBF 44.1054 3.9587 150
FR.TRIGF 43.7471 6.4074 188
FR.TURF 43.9749 7.3919 15
FR.VAL4 44.9057 4.89205 9
FR.VALC 42.3876 2.04036 115
FR.VDH4 48.6525 7.78374 2
FR.VERF 45.749 2.483 134
FR.VOEL 48.9667 7.12266 99
FR.WALT 47.9657 7.27652 196
FR.WLS 48.4127 7.3536 225
FR.XAFF 48.4071 6.61952 172
FR.ZELS 48.3023 7.63158 32
G.ECH 48.2163 7.15896 240
G.SSB 45.279 4.542 95
GE.STU 48.7719 9.195 267
GR.AHRW 50.541 7.076 263
GR.BFO 48.3301 8.3296 141
GR.BFO 48.3311 8.3303 222
GR.BRG 50.8733 13.9436 172
GR.BRG 50.8748 13.9469 252
GR.FUR 48.1639 11.2768 218
GR.GEC2 48.8443 13.7006 318
GR.GRA1 49.6908 11.2204 164
GR.GRA1 49.6919 11.2217 245
GR.GRA2 49.6541 11.3581 141
GR.GRA2 49.6552 11.3594 171
GR.GRA3 49.7611 11.3174 166
GR.GRA3 49.7622 11.3187 250
GR.GRA4 49.5643 11.4345 182
GR.GRA4 49.5654 11.4359 260
GR.GRB1 49.3903 11.6506 112
GR.GRB1 49.3913 11.652 189
GR.GRB2 49.2698 11.6681 188
GR.GRB2 49.2709 11.67 243
GR.GRB3 49.3426 11.8047 154
GR.GRB3 49.3435 11.806 207
GR.GRB4 49.4678 11.5595 124
GR.GRB4 49.4689 11.5608 186
GR.GRB5 49.1111 11.6753 172
GR.GRB5 49.1121 11.6767 236
GR.GRC1 48.9951 11.52 176
GR.GRC1 48.9962 11.5213 239
GR.GRC2 48.8666 11.3742 137
GR.GRC2 48.8676 11.3755 177
GR.GRC3 48.8891 11.5845 159
GR.GRC3 48.8902 11.5858 248
GR.GRC4 49.0857 11.525 168
GR.GRC4 49.0867 11.5263 244
GR.MILB 49.8284 9.2923 316
GR.MOX 50.6461 11.6161 383
GR.TMO22 49.2192 8.1848 53
GR.TNS 50.2236 8.4489 358
GR.UBBA 50.8188 10.001 222
GR.UBR 47.6799 10.1071 187
GR.WET 49.1448 12.8803 356
GU.BHB 44.8352 7.26333 57
GU.BHB 44.8355 7.263 83
GU.BURY 43.7825 7.5569 62
GU.BURY 43.7825 7.557 46
GU.CANO 44.2075 8.2372 126
GU.CARD 44.026 10.4821 60
GU.CARD 44.0261 10.4821 44
GU.CIRO 45.6019 7.5681 110
GU.CIRO 45.6019 7.5682 149
GU.ENR 44.2267 7.42033 68
GU.ENR 44.2294 7.4182 56
GU.EQUI 44.166 10.153 146
GU.GBOS 44.2416 7.8399 232
GU.GORR 44.6071 9.2926 227
GU.GRAM 44.4904 10.065 105
GU.GRAM 44.4913 10.0658 125
GU.GSCL 44.3505 10.5881 146
GU.GSCL 44.3506 10.588 129
GU.LSD 45.4595 7.13433 113
GU.LSD 45.4596 7.1339 63
GU.MAIM 43.9131 10.4916 21
GU.MAIM 43.9142 10.4915 84
GU.MGRO 44.0426 7.8082 116
GU.PCP 44.5413 8.54517 147
GU.PCP 44.5413 8.5455 104
GU.POPM 44.045 10.7568 47
GU.POPM 44.045 10.757 53
GU.PZZ 44.5065 7.1157 50
GU.PZZ 44.5068 7.116 76
GU.REMY 45.8378 7.1565 86
GU.RNCA 44.4711 8.9512 49
GU.RNCA 44.4712 8.9512 47
GU.RORO 44.1122 8.06617 11
GU.RORO 44.1125 8.0667 1
GU.ROTM 44.8493 8.3523 9
GU.ROTM 44.8493 8.3527 7
GU.RRL 44.9208 6.79083 171
GU.RRL 44.921 6.79 116
GU.RSP 45.1482 7.2649 59
GU.RSP 45.1482 7.26533 92
GU.SATI 45.8753 7.8685 128
GU.SATI 45.8754 7.8685 81
GU.STV 44.2451 7.3263 52
GU.STV 44.2455 7.326 73
GU.TRAV 45.5122 7.7461 54
GU.TRAV 45.5127 7.747 96
HU.ABAH 48.2961 21.2397 34
HU.AMBH 46.3501 20.7258 93
HU.BEHE 46.4703 16.7755 75
HU.BSZH 47.2996 20.267 77
HU.BUD 47.4831 19.0201 239
HU.CSKK 47.3631 18.2606 248
HU.EGYH 47.4162 17.3317 108
HU.KOVH 46.0883 18.0999 379
HU.LTVH 47.3849 21.9007 76
HU.MORH 46.215 18.6436 356
HU.MPLH 47.1712 17.5348 288
HU.PSZ 47.9182 19.8934 260
HU.PSZ 47.9184 19.8944 126
HU.SOP 47.6807 16.5567 320
HU.TIH 46.9001 17.8877 98
HU.TRPA 48.1304 22.5391 257
IV.APEC 43.5585 12.4199 130
IV.ASQU 43.7967 11.7893 138
IV.BDI 44.0628 10.5956 123
IV.BOB 44.7679 9.44782 195
IV.BRIS 44.2245 11.7666 105
IV.BRMO 46.4762 10.3722 205
IV.CAVE 44.8658 11.0031 122
IV.CELB 42.7466 10.2107 247
IV.CRE 43.6189 11.9517 70
IV.CRMI 43.7956 10.9795 249
IV.CSNT 43.4731 11.2902 115
IV.CTI 46.0482 11.6497 269
IV.FIR 43.7744 11.2551 6
IV.FNVD 44.1678 11.1229 160
IV.FSSB 43.6931 12.7771 155
IV.FVI 46.5966 12.7804 142
IV.GROG 43.4262 9.89201 84
IV.IMI 43.9105 7.89317 89
IV.LMD 44.0775 11.7073 294
IV.MABI 46.0549 10.514 79
IV.MAGA 45.7753 10.6286 134
IV.MAGO 43.2732 10.6579 21
IV.MDI 45.7697 9.716 105
IV.MONC 45.0739 7.9271 111
IV.MRGE 45.7697 7.06101 238
IV.MSSA 44.3162 9.51739 125
IV.MTRZ 44.3128 11.4248 49
IV.NARO 43.6108 12.5806 277
IV.NDIM 44.8873 10.8987 87
IV.OPPE 45.3082 11.1724 70
IV.ORZI 45.4056 9.9307 10
IV.OSSC 43.5236 11.2458 77
IV.PARC 43.6486 12.2386 156
IV.PESA 43.9411 12.8402 167
IV.PII 43.7219 10.525 140
IV.PLMA 44.0498 9.85365 226
IV.PRMA 44.7637 10.3131 56
IV.PTCC 46.4075 13.354 91
IV.QLNO 44.3242 8.34592 167
IV.ROVR 45.6468 11.0721 131
IV.RSM2 43.9377 12.4451 48
IV.SALO 45.6183 10.5243 90
IV.SARZ 44.8673 8.9136 9
IV.SEI 44.0543 11.3586 199
IV.STAL 46.2601 12.7104 160
IV.TEOL 45.3617 11.6739 386
IV.VARE 45.8677 8.77 241
IV.ZCCA 44.3508 10.9765 20
IV.ZONE 45.7636 10.1171 122
MN.BNI 45.052 6.678 160
MN.TRI 45.709 13.764 340
MN.TUE 46.4722 9.34732 150
MN.VLC 44.1594 10.3864 122
NI.DST2 45.6587 13.8013 16
NI.DST2 45.6589 13.8013 70
NI.PALA 46.245 12.924 64
NI.POLC 46.0266 12.5005 37
NI.PURA 46.4258 12.7419 32
NI.VINO 46.2538 13.2755 56
OE.ABTA 46.7474 12.5123 178
OE.KBA 47.0784 13.3447 214
OE.LESA 47.4243 12.677 226
OE.MYKA 46.6299 13.6416 186
OE.OBKA 46.5092 14.5489 288
OX.ACOM 46.548 13.5137 196
OX.AGOR 46.2329 12.0472 33
OX.AGOR 46.2829 12.0472 157
OX.BAD 46.234 13.2438 206
OX.BALD 45.683 10.8187 45
OX.BOO 46.3195 13.0984 134
OX.CAE 46.009 12.4379 180
OX.CGRP 45.8806 11.8047 176
OX.CIMO 46.3116 12.4448 220
OX.CLUD 46.4569 12.8814 216
OX.DRE 46.1733 13.645 259
OX.FUSE 46.4142 13.0011 209
OX.MARN 45.6378 11.2099 205
OX.MLN 46.1495 12.6154 159
OX.MPRI 46.2408 12.9877 165
OX.PLRO 46.5491 13.1481 184
OX.PRED 46.4428 13.565 197
OX.SABO 45.9875 13.6336 274
OX.VARN 45.9922 12.1051 301
OX.ZOU2 46.5584 12.9729 112
PL.KWP 49.6314 22.7075 6
PL.NIE 49.4182 20.2996 58
PL.OJC 50.2195 19.7984 73
RD.ETNF 48.2622 6.0382 150
RD.FLAF 43.3827 6.2549 118
RD.LOR 47.2683 3.8589 297
RD.MTLF 43.3411 2.2175 297
RD.ORIF 44.9183 5.88 164
RD.PGF 42.5483 8.9994 274
RD.SAVF 48.6152 5.1241 98
RF.GEPF 46.275 13.1386 68
SI.ABSI 46.7285 11.3205 119
SI.BOSI 46.4952 11.3185 35
SI.KOSI 46.463 11.3778 80
SI.LUSI 45.9595 10.9436 222
SI.MOSI 46.6164 10.5495 318
SI.RISI 46.948 12.0787 92
SI.ROSI 46.9281 11.4118 414
SK.CRVS 48.9022 21.4614 71
SK.KOLS 48.9333 22.2731 15
SK.MODS 48.373 17.277 19
SK.SPC 49.1894 20.2339 26
SK.VYHS 48.494 18.8361 157
SK.ZST 48.1961 17.1025 43
SL.BOJS 45.5043 15.2518 272
SL.CADS 46.2281 13.7368 209
SL.CEY 45.7381 14.4221 199
SL.CRES 45.826 15.4569 254
SL.CRNS 46.0807 14.2613 179
SL.DOBS 46.1495 15.4695 241
SL.GBAS 45.9348 14.4434 232
SL.GBRS 45.5311 14.8101 271
SL.GCIS 45.8672 15.6275 208
SL.GOLS 46.0108 15.6245 271
SL.GORS 46.3174 13.9999 167
SL.GROS 46.461 15.5018 271
SL.JAVS 45.8934 14.0643 240
SL.KNDS 45.5278 14.3807 164
SL.KOGS 46.4481 16.2504 217
SL.LJU 46.0438 14.5278 161
SL.MOZS 46.2941 14.4433 117
SL.PDKS 46.0612 14.9977 230
SL.PERS 46.6365 15.1139 285
SL.ROBS 46.2445 13.5094 157
SL.SKDS 45.5464 14.0143 282
SL.VISS 45.8033 14.8393 247
SL.VNDS 46.1016 14.7014 96
SL.VOJS 46.0322 13.8877 209
SL.ZAVS 46.4342 15.0246 184
SX.TANN 50.415 12.461 384
TH.ABG1 50.9676 12.5763 348
TH.ANNA 50.889 12.645 359
TH.CRUX 50.602 10.7921 317
TH.GRZ1 50.6908 12.2196 384
TH.HKWD 50.8297 12.2681 275
TH.HWTS 50.5923 11.4722 174
TH.HWTS 50.5923 11.4723 126
TH.LEIB1 50.5761 11.1978 375
TH.MLFH 50.7898 12.0809 298
TH.MODW 50.9427 12.4684 301
TH.PLN 50.4852 12.1573 297
TH.TAUT 50.9816 11.7107 404
TH.THWA 50.7626 10.6771 83
TH.VITZ 50.8876 10.0917 385
TH.WESF 50.5375 11.2123 250
TH.ZEU 50.6706 11.9771 342
XT.AAE01 50.6074 13.432 36
XT.AAE02 50.5107 13.2526 84
XT.AAE03 50.4306 13.43 22
XT.AAE04 50.3545 13.2588 48
XT.AAE05 50.2522 13.3696 39
XT.AAE06 50.1747 13.252 68
XT.AAE07 50.0733 13.4219 63
XT.AAE08 49.991 13.2322 50
XT.AAE09 49.889 13.4135 53
XT.AAE10 49.7998 13.2509 63
XT.AAE11 49.703 13.4692 61
XT.AAE12 49.6045 13.2629 50
XT.AAE13 49.5289 13.4547 73
XT.AAE14 49.4427 13.2495 36
XT.AAE15 49.3648 13.4141 36
XT.AAE16 49.2642 13.2193 53
XT.AAE17 49.1554 13.4379 52
XT.AAE18 49.0982 13.2165 34
XT.AAE19 48.9712 13.4825 36
XT.AAE20 48.8896 13.2981 54
XT.AAE21 48.8037 13.4192 21
XT.AAE22 48.719 13.2616 33
XT.AAE23 48.6418 13.4277 32
XT.AAE24 48.531 13.2741 29
XT.AAE25 48.467 13.4076 21
XT.AAE26 48.3569 13.2878 23
XT.AAE27 48.2803 13.4336 21
XT.AAE28 48.1861 13.2633 15
XT.AAE29 48.09 13.4478 26
XT.AAE30 48.0017 13.2646 27
XT.AAE31 47.913 13.4361 22
XT.AAE32 47.8188 13.2733 22
XT.AAE33 47.7278 13.4307 38
XT.AAE34 47.636 13.2614 25
XT.AAE35 47.5485 13.4261 35
XT.AAE36 47.4541 13.2486 31
XT.AAE37 47.3677 13.4373 23
XT.AAE38 47.2731 13.2526 16
XT.AAE39 47.186 13.4194 41
XT.AAE40 47.1045 13.2135 25
XT.AAE41 47.0096 13.4352 30
XT.AAE42 46.9086 13.27 14
XT.AAE43 46.8405 13.4378 30
XT.AAE44 46.7332 13.2491 38
XT.AAE45 46.6339 13.4147 21
XT.AAE46 46.5641 13.2539 14
XT.AAE47 46.4628 13.4375 16
XT.AAE48 46.3796 13.2698 22
XT.AAE49 46.3069 13.4009 13
XT.AAE50 46.202 13.2657 25
XT.AAE51 46.1294 13.432 7
XT.AAE52 46.0136 13.2945 38
XT.AAE53 45.9254 13.402 13
XT.AAE54 45.8418 13.2583 33
XT.AAE55 45.7552 13.4208 43
YP.CT01 44.2562 4.7991 16
YP.CT02 44.2873 4.9139 16
YP.CT03 44.3244 5.0275 10
YP.CT04 44.371 5.1477 12
YP.CT05 44.3705 5.2677 10
YP.CT06 44.3824 5.3872 11
YP.CT07 44.4105 5.517 7
YP.CT08 44.4119 5.6051 13
YP.CT09 44.4295 5.7144 19
YP.CT10 44.4373 5.794 12
YP.CT11 44.4537 5.9026 21
YP.CT12 44.4751 5.9826 30
YP.CT13 44.4596 6.0559 20
YP.CT14 44.4609 6.1375 29
YP.CT15 44.4693 6.2362 25
YP.CT16 44.4771 6.314 19
YP.CT17 44.5041 6.3576 22
YP.CT18 44.5006 6.4555 17
YP.CT19 44.5409 6.5198 18
YP.CT20 44.5854 6.5389 24
YP.CT21 44.654 6.56859 30
YP.CT22 44.6663 6.6248 33
YP.CT23 44.6642 6.6848 29
YP.CT24 44.7288 6.7449 31
YP.CT25 44.7255 6.7705 43
YP.CT26 44.765 6.8042 38
YP.CT27 44.7662 6.8799 38
YP.CT28 44.7954 6.9237 41
YP.CT29 44.7742 6.9548 32
YP.CT30 44.7732 7.0393 23
YP.CT31 44.7982 7.0814 22
YP.CT32 44.8091 7.1301 17
YP.CT33 44.825 7.201 21
YP.CT34 44.8275 7.2581 28
YP.CT35 44.9214 7.3329 20
YP.CT36 44.9894 7.3947 32
YP.CT37 45.035 7.4967 2
YP.CT38 45.0186 7.7484 14
YP.CT39 45.0723 7.7928 3
YP.CT40 45.0693 7.917 12
YP.CT41 45.0866 8.0426 7
YP.CT42 45.099 8.1729 5
YP.CT43 45.0922 8.3173 4
YP.CT44 45.0657 8.4265 5
YP.CT45 45.0441 8.5425 3
YP.CT46 44.989 8.6687 6
YP.CT47 43.9285 5.1865 20
YP.CT49 44.1803 6.6246 9
YP.CT50 44.562 7.32008 35
YP.CT51 44.7135 5.4318 7
YP.CT52 45.0359 6.4 8
YP.CT53 45.2215 6.79001 13
YP.CT54 45.3604 7.3447 13
YP.CT55 45.5002 7.9002 26
YP.CT56 45.5781 8.5137 9
Z3.A001A 48.7287 16.5904 110
Z3.A002A 48.3175 16.6152 3
Z3.A004A 47.9629 16.3971 14
Z3.A005A 48.3784 16.1207 19
Z3.A005B 48.3719 16.2054 148
Z3.A006A 48.7404 16.0203 230
Z3.A007A 48.7162 15.5288 196
Z3.A008A 48.3687 15.6522 241
Z3.A009A 47.6775 16.0904 108
Z3.A010A 47.0733 16.0793 84
Z3.A011A 47.3908 16.0077 15
Z3.A011B 47.4086 15.9587 193
Z3.A012A 47.604 15.586 124
Z3.A013A 48.0635 15.4063 207
Z3.A014A 48.3483 15.1619 168
Z3.A015A 48.9334 14.9936 302
Z3.A016A 48.3014 14.6496 170
Z3.A017A 47.948 14.7589 123
Z3.A018A 47.7437 15.0776 164
Z3.A019A 47.4457 15.0856 194
Z3.A020A 46.9484 15.2994 61
Z3.A021A 46.7566 15.8253 243
Z3.A022A 48.6348 14.7326 304
Z3.A023A 48.4608 14.0707 300
Z3.A024A 48.2131 14.1367 29
Z3.A024B 48.1002 14.1399 83
Z3.A025A 47.5207 14.4165 177
Z3.A026A 46.9332 14.5516 299
Z3.A027A 46.8159 14.0074 212
Z3.A028A 47.103 13.9958 84
Z3.A029A 47.4301 13.7611 231
Z3.A030A 47.8277 13.5612 207
Z3.A031A 48.4272 13.4975 312
Z3.A032A 48.123 13.3063 75
Z3.A033A 47.4797 13.126 199
Z3.A034A 46.9091 13.0787 171
Z3.A035A 47.1968 12.7209 53
Z3.A036A 47.3789 12.3084 201
Z3.A037A 47.0703 10.2643 226
Z3.A038A 47.4642 11.9189 114
Z3.A050A 44.4818 16.5313 164
Z3.A051A 45.0125 16.9069 137
Z3.A052A 45.1026 17.5139 49
Z3.A060A 47.0305 7.8904 10
Z3.A060B 46.993 7.97764 169
Z3.A061A 47.0984 8.92522 137
Z3.A062A 46.1808 9.1126 148
Z3.A071A 49.7419 12.6911 248
Z3.A072A 49.4683 13.1735 291
Z3.A073A 49.9916 13.2331 319
Z3.A074A 49.6715 13.5309 193
Z3.A075A 50.0377 13.8737 302
Z3.A076A 49.6168 14.1494 253
Z3.A077A 49.2705 14.0739 255
Z3.A078A 48.864 14.2845 165
Z3.A079A 49.2288 14.7074 222
Z3.A080A 49.684 14.9288 235
Z3.A081A 50.0752 15.0341 278
Z3.A082A 50.061 15.6502 193
Z3.A083A 49.6959 15.6077 262
Z3.A084A 48.9434 15.7007 297
Z3.A085A 49.4392 16.1962 336
Z3.A086A 49.8528 16.1457 319
Z3.A087A 49.7049 16.8893 287
Z3.A088A 49.4303 17.2911 7
Z3.A089A 49.1521 17.092 226
Z3.A090A 49.3655 17.8278 190
Z3.A100A 48.453 8.92609 223
Z3.A101B 48.1182 8.55019 191
Z3.A102A 48.14 9.19935 218
Z3.A103A 47.8102 9.52212 38
Z3.A103B 47.8102 9.52224 4
Z3.A104A 48.0628 9.71035 50
Z3.A105A 47.407 10.2934 128
Z3.A106B 48.7534 9.72194 219
Z3.A107C 48.0194 10.1998 36
Z3.A108A 48.3477 9.83113 183
Z3.A109A 48.4438 9.45858 237
Z3.A111A 49.8478 10.2132 318
Z3.A112A 49.6499 7.90856 145
Z3.A113A 49.546 8.72964 104
Z3.A114A 49.5901 9.1824 151
Z3.A115A 49.274 9.05236 219
Z3.A116A 49.398 9.48334 94
Z3.A117A 49.0441 9.56839 308
Z3.A118A 49.3542 9.96992 6
Z3.A118B 49.3447 9.97441 267
Z3.A119A 49.0071 10.0384 123
Z3.A121A 47.8354 7.72581 84
Z3.A122A 48.2785 7.86782 215
Z3.A123A 48.6115 7.89096 42
Z3.A124A 48.6539 8.4941 222
Z3.A125A 48.9743 8.68367 222
Z3.A126A 48.9893 8.49214 144
Z3.A127A 49.1967 7.97808 228
Z3.A128A 49.3986 8.59629 17
Z3.A129A 49.3426 7.74195 94
Z3.A140A 47.5522 11.4363 164
Z3.A141A 47.7528 11.8492 71
Z3.A143A 47.6836 11.0034 214
Z3.A144A 48.0981 12.0834 112
Z3.A145A 47.8693 12.3915 70
Z3.A146A 48.2928 12.975 37
Z3.A147A 48.5379 12.9455 5
Z3.A147B 48.53 12.9776 92
Z3.A148A 48.478 12.4605 30
Z3.A148B 48.5094 12.4767 159
Z3.A151A 48.882 6.37985 57
Z3.A152A 48.7248 6.85392 70
Z3.A153A 48.318 4.7968 2
Z3.A154A 48.4417 5.51523 65
Z3.A155A 48.4312 6.08404 108
Z3.A156A 47.9467 4.5341 117
Z3.A157A 48.0025 5.73258 15
Z3.A157B 47.9929 5.79934 104
Z3.A158A 48.0044 6.347 191
Z3.A159A 47.6439 4.31789 75
Z3.A160A 47.6908 5.0502 156
Z3.A161A 47.5835 6.0108 106
Z3.A162A 47.3055 4.57935 106
Z3.A163A 47.197 5.20102 92
Z3.A164A 47.1042 5.8104 29
Z3.A165A 46.9102 3.4984 145
Z3.A166A 46.9816 4.14798 67
Z3.A166B 46.9821 4.14769 49
Z3.A167A 46.7469 5.31951 73
Z3.A168A 46.5604 3.9329 100
Z3.A169A 46.5963 4.58183 102
Z3.A170A 46.3781 3.4474 43
Z3.A171A 46.2008 4.1125 132
Z3.A172A 46.3858 5.2132 27
Z3.A172B 46.4101 5.26468 18
Z3.A173A 46.3296 6.6808 141
Z3.A174A 45.9926 4.4619 112
Z3.A175A 45.9427 5.0747 56
Z3.A176A 45.7178 4.0666 153
Z3.A177A 45.5963 4.6086 133
Z3.A178A 45.8107 6.2004 15
Z3.A178B 45.6877 6.30458 27
Z3.A179A 45.4723 2.9722 124
Z3.A180A 45.3113 4.0427 128
Z3.A181A 45.3805 6.302 54
Z3.A182A 44.9695 2.8069 122
Z3.A183A 45.0107 3.663 96
Z3.A184A 44.892 4.4516 163
Z3.A185A 45.1209 5.0728 20
Z3.A186A 44.7932 5.5891 5
Z3.A186B 44.793 5.5892 14
Z3.A187A 44.7343 3.3398 126
Z3.A188A 44.6001 3.9367 123
Z3.A190A 44.3246 2.8695 108
Z3.A191A 44.3193 3.5378 151
Z3.A192A 44.5069 4.5869 60
Z3.A192B 44.5006 4.57526 65
Z3.A193A 44.3712 5.14762 62
Z3.A194A 44.3933 6.5023 70
Z3.A195A 43.9752 2.7193 87
Z3.A196A 44.0515 4.528 80
Z3.A198A 43.6006 2.8004 120
Z3.A199A 43.7438 3.6883 78
Z3.A200A 43.6927 4.1885 59
Z3.A201A 43.5006 4.7917 54
Z3.A202A 43.5025 3.2602 85
Z3.A204A 43.2413 5.6099 114
Z3.A205A 43.2001 6.2335 111
Z3.A206A 43.2197 6.601 187
Z3.A208A 42.2326 8.7937 125
Z3.A209A 42.5041 9.4944 3
Z3.A209B 42.5029 9.5066 39
Z3.A210A 48.8277 5.92254 45
Z3.A211A 48.4071 6.61952 92
Z3.A212A 48.0931 5.0444 82
Z3.A213A 47.4967 5.4799 112
Z3.A214A 46.362 5.8003 43
Z3.A215A 45.4307 5.23226 125
Z3.A216A 44.4291 5.54989 31
Z3.A217A 44.3701 6.0733 55
Z3.A250A 45.084 14.9106 75
Z3.A251A 45.1286 16.2664 3
Z3.A252A 45.4356 17.8482 133
Z3.A260A 47.2833 16.7059 44
Z3.A260A 47.2834 16.7056 34
Z3.A261A 46.952 17.1486 40
Z3.A261A 46.9521 17.1486 35
Z3.A262A 46.8642 16.5276 121
Z3.A263A 46.6408 17.3148 85
Z3.A263A 46.6408 17.3149 67
Z3.A264A 46.1597 17.2897 157
Z3.A265A 46.4244 17.7954 93
Z3.A265A 46.4244 17.7955 80
Z3.A266A 46.5256 18.2647 58
Z3.A266A 46.5256 18.2648 54
Z3.A267A 46.9463 18.482 88
Z3.A268A 47.4313 17.9238 172
Z3.A269A 47.6386 18.3824 172
Z3.A270A 47.8452 19.0186 28
Z3.A271A 47.1547 18.8341 11
Z3.A271A 47.1548 18.8342 14
Z3.A272A 46.7444 18.9654 45
Z3.A273A 45.9163 17.8161 32
Z3.A273A 45.9164 17.816 51
Z3.A280A 44.5391 7.9089 99
Z3.A281A 44.8534 7.7099 35
Z3.A282A 45.2545 7.6133 20
Z3.A283B 45.238 8.2885 39
Z3.A284A 45.1371 9.3837 36
Z3.A285A 44.8939 9.9098 37
Z3.A286A 45.366 8.8338 6
Z3.A287A 45.6225 8.361 179
Z3.A288A 46.0082 8.4818 41
Z3.A289A 46.0473 9.761 128
Z3.A290A 46.5068 10.9028 99
Z3.A291A 46.6246 11.8805 157
Z3.A301A 45.6198 12.621 39
Z3.A303A 45.3443 12.3182 10
Z3.A304A 45.0167 12.0335 6
Z3.A331A 49.1501 18.2209 239
Z3.A332A 48.8045 18.4645 230
Z3.A333A 48.7156 17.1041 15
Z3.A334A 48.6044 17.6747 151
Z3.A335A 48.4469 18.3359 289
Z3.A336A 48.2333 18.999 238
Z3.A337A 48.2443 17.7898 42
Z3.A338A 48.0152 18.3525 69
Z3.A339A 47.8294 17.6559 64
Z3.A350A 50.1674 11.5708 309
Z3.A351A 50.003 10.7922 5
Z3.A351B 50.0019 10.7612 275
Z3.A352A 49.8214 11.6903 269
Z3.A353A 49.5178 10.5426 282
Z3.A354A 49.4523 10.969 330
Z3.A355A 49.349 12.3832 319
Z3.A356A 49.0371 12.2138 289
Z3.A357A 48.6998 11.9992 18
Z3.A357B 48.7026 11.9466 245
Z3.A358A 48.8697 13.1943 211
Z3.A359A 48.8331 12.6421 40
Z3.A360A 48.7289 10.297 254
Z3.A361A 48.7908 10.8171 170
Z3.A362A 48.3637 10.4022 269
Z3.A363A 48.523 10.9334 154
Z3.A364A 48.5018 11.4507 172
Z3.A365A 48.1651 10.7334 180
Z3.A366A 47.8333 10.6235 204
Z3.A367A 48.3073 11.923 115
Z3.A368A 49.1259 10.5469 323
Z3.A369A 49.1161 11.0216 348
Z3.A402A 42.8793 5.3005 9
Z3.A404A 42.1782 5.01927 5
Z3.A405A 42.4116 5.30365 6
Z3.A406A 42.6467 5.85667 4
Z3.A409A 43.3482 7.51672 7
Z3.A410A 43.5866 8.0732 1
Z3.A412A 41.6476 4.74483 3
Z3.A414A 42.1783 5.85832 6
Z3.A415A 42.4119 6.41093 1
Z3.A417A 42.8796 7.51782 6
Z3.A420A 43.4537 9.19548 18
Z3.A421A 41.7153 5.84997 6
Z3.A423A 42.1784 6.96405 4
Z3.A428A 41.7102 6.96383 4
Z3.A430A 42.1779 7.98092 2
Z3.A434A 43.8503 9.22987 8
ZJ.HU01A 47.3446 19.6202 104
ZJ.HU02A 48.1222 20.525 186
ZJ.HU03A 47.9038 19.5997 98
ZJ.HU04A 46.812 19.4777 77
ZJ.HU05A 47.5518 21.137 65
ZJ.HU06A 46.7123 20.5675 78
ZJ.HU07A 47.9812 21.9143 61
ZJ.HU08A 47.4313 17.9238 119
ZJ.HU09A 47.6386 18.3824 140
ZJ.HU10A 47.8452 19.0186 23
ZJ.HU21A 46.3329 19.729 73
ZJ.HU22A 46.328 19.131 71
ZJ.HU23A 47.639 20.2496 57
ZJ.HU24A 46.9098 21.159 39
ZJ.JOS 48.4955 20.5374 139
ZJ.PL01A 49.0639 22.6842 22
ZJ.PL02A 49.378 22.5365 5
ZJ.PL03A 50.0217 22.8969 32
ZJ.PL04A 50.2397 23.2288 5
ZJ.PL05A 49.2598 22.1208 13
ZJ.PL06A 49.5938 22.137 34
ZJ.PL07A 49.9431 22.4041 39
ZJ.PL08A 50.3763 22.6766 26
ZJ.PL09A 49.6417 21.4052 38
ZJ.PL10A 49.9045 21.8899 15
ZJ.PL11A 50.23 22.1172 19
ZJ.PL12A 50.5792 21.9294 41
ZJ.PL13A 49.5968 20.9234 17
ZJ.PL14A 49.8794 21.0696 65
ZJ.PL15A 50.231 21.4762 37
ZJ.PL16A 50.5924 21.3555 96
ZJ.PL17A 49.6008 20.3011 102
ZJ.PL18A 49.9698 20.5063 57
ZJ.PL19A 50.283 20.9442 96
ZJ.PL20A 49.2957 19.8947 76
ZJ.PL21A 49.5584 19.8706 50
ZJ.PL22A 49.8359 20.0737 52
ZJ.PL23A 50.2339 20.3234 48
ZJ.PL24A 49.7238 19.0043 72
ZJ.PL25A 49.9182 19.5279 99
ZJ.PL26A 50.1902 19.1738 30
ZJ.PL28A 50.2049 18.7694 15
ZJ.PL29A 50.1667 18.3125 27
ZJ.PL30A 50.1442 17.6944 107
ZJ.SK01A 49.4744 18.8045 95
ZJ.SK02A 49.4548 19.3039 52
ZJ.SK03A 49.1745 18.8611 107
ZJ.SK04A 48.8668 19.138 52
ZJ.SK05A 48.5093 19.1427 56
ZJ.SK06A 49.1505 19.4678 142
ZJ.SK07A 48.9247 19.7525 61
ZJ.SK08A 48.569 19.7126 100
ZJ.SK11A 48.8485 20.1878 145
ZJ.SK12A 48.3175 19.9942 65
ZJ.SK13A 49.3155 20.6996 59
ZJ.SK14A 49.0006 20.7428 50
ZJ.SK15A 48.7062 20.5114 44
ZJ.SK16A 49.4171 21.2436 41
ZJ.SK17A 49.2066 21.2394 88
ZJ.SK18A 48.9137 21.174 144
ZJ.SK20A 49.2138 21.6092 49
ZJ.SK21A 49.0131 21.9974 7
ZJ.SK22A 48.6199 21.7213 17