XT.AAE33 47.7278 13.4307 194
XT.AAE32 47.8188 13.2733 165
XT.AAE19 48.9712 13.4825 110
XT.AAE11 49.703 13.4692 196
XT.AAE13 49.5289 13.4547 194
XT.AAE17 49.1554 13.4379 184
XT.AAE35 47.5485 13.4261 167
XT.AAE36 47.4541 13.2486 182
XT.AAE37 47.3677 13.4373 156
XT.AAE02 50.5107 13.2526 179
XT.AAE03 50.4306 13.43 179
XT.AAE38 47.2731 13.2526 140
XT.AAE39 47.186 13.4194 143
XT.AAE40 47.1045 13.2135 169
XT.AAE41 47.0096 13.4352 158
XT.AAE06 50.1747 13.252 155
XT.AAE07 50.0733 13.4219 176
XT.AAE09 49.889 13.4135 182
XT.AAE10 49.7998 13.2509 177
XT.AAE14 49.4427 13.2495 176
XT.AAE01 50.6074 13.432 133
XT.AAE04 50.3545 13.2588 168
XT.AAE08 49.991 13.2322 175
XT.AAE12 49.6045 13.2629 178
XT.AAE15 49.3648 13.4141 174
XT.AAE18 49.0982 13.2165 127
XT.AAE20 48.8896 13.2981 152
XT.AAE16 49.2642 13.2193 174
XT.AAE42 46.9086 13.27 148
XT.AAE43 46.8405 13.4378 147
XT.AAE44 46.7332 13.2491 148
XT.AAE45 46.6339 13.4147 147
XT.AAE46 46.5641 13.2539 109
XT.AAE05 50.2522 13.3696 155
XT.AAE28 48.1861 13.2633 165
XT.AAE21 48.8037 13.4192 148
XT.AAE22 48.719 13.2616 147
XT.AAE23 48.6418 13.4277 147
XT.AAE24 48.531 13.2741 110
XT.AAE25 48.467 13.4076 148
XT.AAE26 48.3569 13.2878 147
XT.AAE27 48.2803 13.4336 137
XT.AAE29 48.09 13.4478 159
XT.AAE30 48.0017 13.2646 160
XT.AAE31 47.913 13.4361 158
XT.AAE34 47.636 13.2614 135
XT.AAE47 46.4628 13.4375 122
XT.AAE48 46.3796 13.2698 159
XT.AAE49 46.3069 13.4009 157
XT.AAE50 46.202 13.2657 158
XT.AAE51 46.1294 13.432 146
XT.AAE52 46.0136 13.2945 158
XT.AAE53 45.9254 13.402 131
XT.AAE54 45.8418 13.2583 146
XT.AAE55 45.7552 13.4208 158