XT.AAE01 50.6074 13.432 37
XT.AAE02 50.5107 13.2526 74
XT.AAE03 50.4306 13.43 19
XT.AAE04 50.3545 13.2588 39
XT.AAE05 50.2522 13.3696 30
XT.AAE06 50.1747 13.252 62
XT.AAE07 50.0733 13.4219 62
XT.AAE08 49.991 13.2322 41
XT.AAE09 49.889 13.4135 53
XT.AAE10 49.7998 13.2509 59
XT.AAE11 49.703 13.4692 69
XT.AAE12 49.6045 13.2629 37
XT.AAE13 49.5289 13.4547 69
XT.AAE14 49.4427 13.2495 31
XT.AAE15 49.3648 13.4141 26
XT.AAE16 49.2642 13.2193 35
XT.AAE17 49.1554 13.4379 46
XT.AAE18 49.0982 13.2165 34
XT.AAE19 48.9712 13.4825 36
XT.AAE20 48.8896 13.2981 38
XT.AAE21 48.8037 13.4192 27
XT.AAE22 48.719 13.2616 32
XT.AAE23 48.6418 13.4277 26
XT.AAE24 48.531 13.2741 34
XT.AAE25 48.467 13.4076 30
XT.AAE26 48.3569 13.2878 31
XT.AAE27 48.2803 13.4336 23
XT.AAE28 48.1861 13.2633 16
XT.AAE29 48.09 13.4478 23
XT.AAE30 48.0017 13.2646 31
XT.AAE31 47.913 13.4361 20
XT.AAE32 47.8188 13.2733 20
XT.AAE33 47.7278 13.4307 43
XT.AAE34 47.636 13.2614 19
XT.AAE35 47.5485 13.4261 29
XT.AAE36 47.4541 13.2486 29
XT.AAE37 47.3677 13.4373 24
XT.AAE38 47.2731 13.2526 12
XT.AAE39 47.186 13.4194 33
XT.AAE40 47.1045 13.2135 39
XT.AAE41 47.0096 13.4352 19
XT.AAE42 46.9086 13.27 13
XT.AAE43 46.8405 13.4378 30
XT.AAE44 46.7332 13.2491 34
XT.AAE45 46.6339 13.4147 17
XT.AAE46 46.5641 13.2539 11
XT.AAE47 46.4628 13.4375 14
XT.AAE48 46.3796 13.2698 16
XT.AAE49 46.3069 13.4009 16
XT.AAE50 46.202 13.2657 24
XT.AAE51 46.1294 13.432 14
XT.AAE52 46.0136 13.2945 38
XT.AAE53 45.9254 13.402 27
XT.AAE54 45.8418 13.2583 29
XT.AAE55 45.7552 13.4208 36