BW.BE1 47.9108 11.2213 459
BW.FFB1 48.1629 11.2751 468
BW.KW1 48.1219 12.5972 464
BW.MANZ 49.9862 12.1083 463
BW.MGS04 47.9797 11.7188 467
IV.CRMI 43.7956 10.9795 398
IV.CSNT 43.4731 11.2902 447
IV.CTI 46.0482 11.6497 415
IV.FIR 43.7744 11.2551 442
Z3.A085A 49.4392 16.1962 463
Z3.A086A 49.8528 16.1457 326
Z3.A087A 49.7049 16.8893 301
Z3.A089A 49.1521 17.092 370
Z3.A100A 48.453 8.92609 469
Z3.A101B 48.1182 8.55019 438
FR.WALT 47.9657 7.27652 450
FR.WLS 48.4127 7.3536 465
FR.XAFF 48.4071 6.61952 464
FR.ZELS 48.3023 7.63158 464
G.ECH 48.2163 7.15896 443
G.SSB 45.279 4.542 472
GR.BFO 48.3301 8.3296 467
BW.RJOB 47.7373 12.7956 279
CH.DIX 46.0811 7.40839 446
CH.FUORN 46.6203 10.2636 470
CH.MMK 46.0507 7.96409 460
CH.WILA 47.4148 8.9077 349
FR.AJAC 41.9279 8.763 468
FR.MON 43.7303 7.42469 467
FR.OGAG 44.7878 6.53974 448
FR.ARBF 43.4917 5.3325 478
FR.ARTF 43.5882 5.8067 478
FR.BANN 44.3689 4.15633 477
FR.BETS 48.8936 7.92429 276
FR.BLAF 43.951 6.045 430
Z3.A354A 49.4523 10.969 465
Z3.A355A 49.349 12.3832 466
Z3.A356A 49.0371 12.2138 466
Z3.A357B 48.7026 11.9466 467
Z3.A358A 48.8697 13.1943 337
Z3.A360A 48.7289 10.297 469
RD.FLAF 43.3827 6.2549 464
RD.LOR 47.2683 3.8589 453
RD.MTLF 43.3411 2.2175 457
RD.ORIF 44.9183 5.88 461
RD.PGF 42.5483 8.9994 442
CH.LAUCH 46.4155 7.77166 464
CH.LKBD2 46.3745 7.64433 466
CH.LLS 46.8468 9.00825 468
CH.METMA 47.7122 8.25262 466
GU.EQUI 44.166 10.153 445
GU.GBOS 44.2416 7.8399 454
GU.GORR 44.6071 9.2926 465
GU.GRAM 44.4904 10.065 462
GU.GSCL 44.3506 10.588 467
GU.LSD 45.4596 7.1339 324
GU.MAIM 43.9131 10.4916 920
ZJ.HU07A 47.9812 21.9143 424
ZJ.HU08A 47.4313 17.9238 381
ZJ.HU09A 47.6386 18.3824 386
ZJ.HU10A 47.8452 19.0186 392
ZJ.HU21A 46.3329 19.729 420
FR.OGCB 44.8502 5.09662 477
FR.OGCC 44.4291 5.54989 477
FR.OGCN 45.1539 5.08896 476
FR.OGDI 44.1093 6.2253 456
FR.OGLC 44.3703 6.07404 474
FR.OGMO 45.2086 6.68308 404
Z3.A267A 46.9463 18.482 463
Z3.A271A 47.1548 18.8342 431
Z3.A273A 45.9164 17.816 427
Z3.A282A 45.2545 7.6133 283
Z3.A283B 45.238 8.2885 307
Z3.A285A 44.8939 9.9098 314
Z3.A287A 45.6225 8.361 269
TH.ZEU 50.6706 11.9771 452
Z3.A004A 47.9629 16.3971 283
Z3.A005B 48.3719 16.2054 328
Z3.A006A 48.7404 16.0203 281
IV.STAL 46.2601 12.7104 408
IV.TEOL 45.3617 11.6739 436
IV.VARE 45.8677 8.77 459
IV.ZCCA 44.3508 10.9765 464
IV.ZONE 45.7636 10.1171 371
MN.TRI 45.709 13.764 433
MN.TUE 46.4722 9.34732 392
MN.VLC 44.1594 10.3864 294
CH.SIMPL 46.2396 8.01958 463
CH.SLE 47.7645 8.49236 467
CH.SULZ 47.5275 8.11187 451
CH.TORNY 46.7736 6.95874 458
CH.VANNI 46.2101 7.59678 462
CH.VDL 46.4832 9.44956 471
CH.WALHA 47.7528 9.1231 467
ZJ.PL11A 50.23 22.1172 367
ZJ.PL12A 50.5792 21.9294 365
ZJ.PL13A 49.5968 20.9234 369
ZJ.PL14A 49.8794 21.0696 365
ZJ.PL15A 50.231 21.4762 342
ZJ.PL16A 50.5924 21.3555 375
ZJ.PL17A 49.6008 20.3011 368
ZJ.PL18A 49.9698 20.5063 345
CH.BERGE 47.8716 8.17798 451
CH.BERNI 46.4136 10.0231 469
CH.BNALP 46.8703 8.4249 470
CH.BOURR 47.3936 7.2301 406
CH.BRANT 46.938 6.47298 447
CH.DAGMA 47.2309 8.01248 470
CH.DAVOX 46.7805 9.87952 467
FR.SJAF 42.4835 2.8762 450
FR.SMPL 42.0945 9.2847 445
FR.SPIF 44.0558 7.2366 452
FR.STR 48.5799 7.7633 466
FR.SURF 44.4809 6.8117 465
FR.SZBH 48.9325 7.86305 371
FR.TRBF 44.1054 3.9587 421
FR.CHMF 47.2484 6.6517 418
FR.CIEL 48.8326 7.36375 467
FR.CLAF 43.135 3.09 463
FR.COLF 45.5004 3.6937 476
FR.EILF 43.5479 7.1312 474
FR.ENAUX 44.1095 6.7775 471
Z3.A128A 49.3986 8.59629 469
Z3.A140A 47.5522 11.4363 468
Z3.A141A 47.7528 11.8492 468
Z3.A143A 47.6836 11.0034 470
Z3.A144A 48.0981 12.0834 464
Z3.A145A 47.8693 12.3915 468
Z3.A146A 48.2928 12.975 467
Z3.A147B 48.53 12.9776 467
GR.GRB1 49.3903 11.6506 409
GR.GRB2 49.2698 11.6681 461
GR.GRB3 49.3426 11.8047 463
GR.GRB4 49.4678 11.5595 373
GR.GRB5 49.1111 11.6753 467
GR.GRC1 48.9951 11.52 455
Z3.A036A 47.3789 12.3084 464
Z3.A037A 47.0703 10.2643 471
Z3.A038A 47.4642 11.9189 468
Z3.A060B 46.993 7.97764 469
Z3.A368A 49.1259 10.5469 445
Z3.A369A 49.1161 11.0216 467
ZJ.HU01A 47.3446 19.6202 381
ZJ.HU02A 48.1222 20.525 430
ZJ.HU03A 47.9038 19.5997 428
ZJ.HU04A 46.812 19.4777 411
ZJ.HU05A 47.5518 21.137 402
GU.ROTM 44.8493 8.3523 442
GU.RRL 44.921 6.79 454
GU.SATI 45.8754 7.8685 318
GU.STV 44.2451 7.3263 461
GU.TRAV 45.5122 7.7461 451
IV.APEC 43.5585 12.4199 458
OX.CGRP 45.8806 11.8047 272
OX.CIMO 46.3116 12.4448 462
OX.CLUD 46.4569 12.8814 454
OX.DRE 46.1733 13.645 465
OX.FUSE 46.4142 13.0011 448
OX.MARN 45.6378 11.2099 450
ZJ.PL26A 50.1902 19.1738 350
ZJ.PL28A 50.2049 18.7694 319
ZJ.PL29A 50.1667 18.3125 300
ZJ.PL30A 50.1442 17.6944 328
ZJ.SK01A 49.4744 18.8045 430
ZJ.SK02A 49.4548 19.3039 398
FR.PIAF 44.1164 7.61747 441
FR.PLDF 45.97 3.621 479
FR.PLYF 46.9565 4.7442 459
FR.RIVEL 46.759 5.92249 452
FR.RONF 47.7107 6.6472 462
OE.MYKA 46.6299 13.6416 466
OX.CAE 46.009 12.4379 463
OX.MLN 46.1495 12.6154 462
TH.ANNA 50.889 12.645 416
TH.VITZ 50.8876 10.0917 434
Z3.A008A 48.3687 15.6522 413
Z3.A034A 46.9091 13.0787 453
Z3.A062A 46.1808 9.1126 227
Z3.A076A 49.6168 14.1494 336
Z3.A102A 48.14 9.19935 469
Z3.A112A 49.6499 7.90856 468
TH.CRUX 50.602 10.7921 393
TH.GRZ1 50.6908 12.2196 384
TH.HKWD 50.8297 12.2681 438
TH.HWTS 50.5923 11.4723 432
TH.LEIB1 50.5761 11.1978 448
IV.PLMA 44.0498 9.85365 421
IV.PRMA 44.7637 10.3131 245
IV.PTCC 46.4075 13.354 448
IV.QLNO 44.3242 8.34592 459
IV.ROVR 45.6468 11.0721 352
FR.ISO 44.184 7.05 474
FR.LAJAS 43.9698 3.22136 447
FR.LBL 45.232 3.247 474
FR.LEMB 49.0339 7.75891 465
FR.LEUC 44.7606 2.55412 455
FR.MANO 48.8277 5.92254 457
FR.MLYF 43.988 5.7675 434
NI.DST2 45.6589 13.8013 265
NI.POLC 46.0266 12.5005 346
NI.VINO 46.2538 13.2755 396
OE.ABTA 46.7474 12.5123 463
OE.KBA 47.0784 13.3447 463
OE.LESA 47.4243 12.677 468
Z3.A114A 49.5901 9.1824 466
Z3.A115A 49.274 9.05236 468
Z3.A117A 49.0441 9.56839 466
Z3.A118B 49.3447 9.97441 466
Z3.A119A 49.0071 10.0384 467
ZJ.PL02A 49.378 22.5365 354
ZJ.PL03A 50.0217 22.8969 370
ZJ.PL05A 49.2598 22.1208 364
ZJ.PL06A 49.5938 22.137 341
ZJ.PL07A 49.9431 22.4041 370
ZJ.PL08A 50.3763 22.6766 370
ZJ.PL09A 49.6417 21.4052 364
ZJ.PL10A 49.9045 21.8899 343
GR.WET 49.1448 12.8803 416
GU.BHB 44.8355 7.263 455
GU.BURY 43.7825 7.557 449
GU.CANO 44.2075 8.2372 465
GU.CARD 44.0261 10.4821 469
GU.CIRO 45.6019 7.5681 433
GU.ENR 44.2294 7.4182 425
ZJ.SK12A 48.3175 19.9942 387
ZJ.SK13A 49.3155 20.6996 246
ZJ.SK15A 48.7062 20.5114 384
ZJ.SK16A 49.4171 21.2436 333
ZJ.SK17A 49.2066 21.2394 282
ZJ.SK18A 48.9137 21.174 361
ZJ.SK20A 49.2138 21.6092 281
ZJ.SK21A 49.0131 21.9974 302
ZJ.SK22A 48.6199 21.7213 387
IV.MRGE 45.7697 7.06101 449
IV.MTRZ 44.3128 11.4248 449
IV.NARO 43.6108 12.5806 412
IV.NDIM 44.8873 10.8987 451
IV.ORZI 45.4056 9.9307 464
IV.OSSC 43.5236 11.2458 453
IV.PARC 43.6486 12.2386 445
IV.PESA 43.9411 12.8402 439
Z3.A023A 48.4608 14.0707 468
Z3.A025A 47.5207 14.4165 466
Z3.A026A 46.9332 14.5516 465
Z3.A027A 46.8159 14.0074 461
Z3.A029A 47.4301 13.7611 464
Z3.A148B 48.5094 12.4767 464
Z3.A173A 46.3296 6.6808 279
Z3.A260A 47.2833 16.7059 428
Z3.A261A 46.9521 17.1486 429
Z3.A262A 46.8642 16.5276 462
Z3.A263A 46.6408 17.3148 424
Z3.A264A 46.1597 17.2897 463
Z3.A265A 46.4244 17.7955 430
Z3.A266A 46.5256 18.2648 429
CH.EMBD 46.2165 7.83223 463
CH.EMING 47.8952 8.84676 449
CH.EMMET 47.4376 8.01358 468
CH.FIESA 46.4352 8.11051 468
OX.MPRI 46.2408 12.9877 463
OX.PLRO 46.5491 13.1481 448
OX.PRED 46.4428 13.565 433
OX.SABO 45.9875 13.6336 456
OX.VARN 45.9922 12.1051 437
RD.ETNF 48.2622 6.0382 442
GR.BRG 50.8733 13.9436 451
GR.FUR 48.1639 11.2768 468
GR.GEC2 48.8443 13.7006 467
GR.GRA1 49.6908 11.2204 450
GR.GRA2 49.6541 11.3581 448
GR.GRA3 49.7611 11.3174 447
GR.GRA4 49.5643 11.4345 457
Z3.A077A 49.2705 14.0739 324
Z3.A078A 48.864 14.2845 288
Z3.A079A 49.2288 14.7074 314
Z3.A080A 49.684 14.9288 356
Z3.A081A 50.0752 15.0341 452
Z3.A082A 50.061 15.6502 345
Z3.A084A 48.9434 15.7007 462
CH.WIMIS 46.6649 7.62418 459
CH.WOLEN 46.9978 7.3688 369
CH.ZUR 47.3692 8.58088 467
CR.ZAG 45.8294 15.9942 462
FR.AGO 46.052 3.131 479
CH.PANIX 46.8257 9.11171 471
CH.PLONS 47.0492 9.38076 471
CH.ROMAN 47.5643 9.33601 470
CH.ROTHE 47.4761 7.92093 469
CH.SAIRA 47.3027 7.08645 464
CH.SENIN 46.3633 7.29938 459
FR.TRIGF 43.7471 6.4074 475
FR.TURF 43.9749 7.3919 436
FR.VALC 42.3876 2.04036 463
FR.VERF 45.749 2.483 478
FR.VOEL 48.9667 7.12266 458
GU.MGRO 44.0426 7.8082 211
GU.PCP 44.5413 8.5455 461
GU.POPM 44.045 10.7568 448
GU.PZZ 44.5065 7.1157 461
GU.REMY 45.8378 7.1565 172
GU.RNCA 44.4711 8.9512 462
GU.RORO 44.1125 8.0667 469
FR.ESCA 43.831 7.3744 469
FR.FILF 42.5602 2.4171 463
FR.FNEB 42.9031 2.1064 453
FR.FRNF 45.385 2.563 477
FR.GRN 45.2413 5.7439 442
FR.HOHE 48.6587 7.4843 465
FR.ILLF 47.6834 7.2543 468
FR.ILLK 48.516 7.71682 279
FR.OGMY 45.881 5.88932 469
FR.OGRV 46.3459 4.7522 445
FR.OGS1 45.0608 5.80467 421
FR.OGS2 45.0645 5.80132 462
FR.OGS3 45.0695 5.80607 465
FR.OGSA 45.0368 6.40093 452
FR.OGSM 45.6092 5.69722 469
FR.OGVG 44.8152 6.11233 456
FR.OPS 48.9213 7.88278 275
IV.BDI 44.0628 10.5956 422
IV.BOB 44.7679 9.44782 463
IV.BRIS 44.2245 11.7666 449
IV.BRMO 46.4762 10.3722 464
IV.CAVE 44.8658 11.0031 458
IV.CELB 42.7466 10.2107 387
IV.CRE 43.6189 11.9517 380
GR.UBR 47.6799 10.1071 336
IV.ASQU 43.7967 11.7893 424
IV.FNVD 44.1678 11.1229 434
IV.PII 43.7219 10.525 447
ZJ.PL19A 50.283 20.9442 372
ZJ.PL20A 49.2957 19.8947 323
ZJ.PL21A 49.5584 19.8706 316
ZJ.PL22A 49.8359 20.0737 342
ZJ.PL23A 50.2339 20.3234 371
ZJ.PL24A 49.7238 19.0043 335
SI.LUSI 45.9595 10.9436 470
SI.MOSI 46.6164 10.5495 470
SI.ROSI 46.9281 11.4118 466
SX.TANN 50.415 12.461 463
TH.ABG1 50.9676 12.5763 404
Z3.A337A 48.2443 17.7898 280
Z3.A338A 48.0152 18.3525 346
Z3.A350A 50.1674 11.5708 463
Z3.A351B 50.0019 10.7612 464
Z3.A352A 49.8214 11.6903 401
Z3.A353A 49.5178 10.5426 465
FR.MORSI 42.953 9.363 431
FR.MVIF 43.896 7.153 464
FR.NEEW 48.956 8.10404 454
FR.OG02 46.1542 6.22021 465
FR.OG35 46.0445 5.57127 465
Z3.A361A 48.7908 10.8171 468
Z3.A362A 48.3637 10.4022 469
Z3.A363A 48.523 10.9334 469
Z3.A364A 48.5018 11.4507 466
Z3.A365A 48.1651 10.7334 471
Z3.A366A 47.8333 10.6235 470
Z3.A367A 48.3073 11.923 466
OE.OBKA 46.5092 14.5489 464
OX.ACOM 46.548 13.5137 455
OX.AGOR 46.2829 12.0472 448
OX.BAD 46.234 13.2438 464
OX.BALD 45.683 10.8187 470
Z3.A291A 46.6246 11.8805 308
ZJ.HU06A 46.7123 20.5675 417
ZJ.PL25A 49.9182 19.5279 333
ZJ.SK03A 49.1745 18.8611 420
ZJ.SK04A 48.8668 19.138 400
ZJ.SK05A 48.5093 19.1427 396
ZJ.SK06A 49.1505 19.4678 367
ZJ.SK07A 48.9247 19.7525 177
ZJ.SK11A 48.8485 20.1878 354
BW.RNON 47.7405 12.8671 441
BW.ROTZ 49.7669 12.207 464
BW.SCE 47.0378 11.709 465
CH.ACB 47.5877 8.25474 462
CH.AIGLE 46.3418 6.95295 464
CH.BALST 47.336 7.69485 460
Z3.A105A 47.407 10.2934 463
Z3.A106B 48.7534 9.72194 468
Z3.A108A 48.3477 9.83113 466
Z3.A109A 48.4438 9.45858 466
Z3.A111A 49.8478 10.2132 464
Z3.A011B 47.4086 15.9587 290
Z3.A014A 48.3483 15.1619 287
Z3.A015A 48.9334 14.9936 466
Z3.A022A 48.6348 14.7326 465
Z3.A123A 48.6115 7.89096 465
Z3.A124A 48.6539 8.4941 467
Z3.A125A 48.9743 8.68367 466
Z3.A126A 48.9893 8.49214 241
Z3.A127A 49.1967 7.97808 431
IV.RSM2 43.9377 12.4451 438
IV.SALO 45.6183 10.5243 283
IV.SARZ 44.8673 8.9136 442
IV.SEI 44.0543 11.3586 455
FR.BOUC 47.2469 6.25606 453
FR.BSTF 43.8009 5.6433 471
FR.CALF 43.7528 6.9218 473
FR.CARF 42.7149 2.1046 450
FR.CFF 45.763 3.111 475
GR.GRC2 48.8666 11.3742 440
GR.GRC3 48.8891 11.5845 462
GR.GRC4 49.0857 11.525 462
GR.MOX 50.6461 11.6161 463
GR.UBBA 50.8188 10.001 247
Z3.A071A 49.7419 12.6911 362
Z3.A072A 49.4683 13.1735 404
Z3.A073A 49.9916 13.2331 463
Z3.A075A 50.0377 13.8737 464
IV.FVI 46.5966 12.7804 411
IV.MABI 46.0549 10.514 440
IV.MAGA 45.7753 10.6286 443
IV.MILN 45.4803 9.2321 465
IV.MONC 45.0739 7.9271 429
ZJ.HU22A 46.328 19.131 382
ZJ.HU23A 47.639 20.2496 431
ZJ.HU24A 46.9098 21.159 426
ZJ.JOS 48.4955 20.5374 438
ZJ.PL01A 49.0639 22.6842 333
FR.RSL 45.6882 6.62452 421
FR.RUSF 43.9412 5.4837 476
FR.SALSA 43.881 6.6888 476
FR.SAOF 43.986 7.5532 470
FR.SAUF 43.9377 5.1064 461
RD.SAVF 48.6152 5.1241 449
RF.GEPF 46.275 13.1386 424
SI.ABSI 46.7285 11.3205 277
SI.BOSI 46.4952 11.3185 438
SI.KOSI 46.463 11.3778 461
TH.MLFH 50.7898 12.0809 451
TH.MODW 50.9427 12.4684 334
TH.PLN 50.4852 12.1573 402
TH.TAUT 50.9816 11.7107 454
CH.MTI02 47.3793 7.16525 473
CH.MUGIO 45.9218 9.04171 471
CH.MUO 46.9677 8.63706 468
CH.NALPS 46.5951 8.74828 296
Z3.A030A 47.8277 13.5612 468
Z3.A031A 48.4272 13.4975 466
Z3.A032A 48.123 13.3063 467
Z3.A033A 47.4797 13.126 464
CH.FUSIO 46.4548 8.6629 484
CH.GIMEL 46.5336 6.26545 394
CH.GRIMS 46.5781 8.31886 470
CH.HASLI 46.7567 8.15108 470
MN.BNI 45.052 6.678 425
Z3.A181A 45.3805 6.302 164
Z3.A182A 44.9695 2.8069 148
Z3.A183A 45.0107 3.663 147
Z3.A184A 44.892 4.4516 140
Z3.A187A 44.7343 3.3398 149
GE.STU 48.7719 9.195 310
Z3.A209B 42.5029 9.5066 88
Z3.A212A 48.0931 5.0444 46
Z3.A213A 47.4967 5.4799 88
Z3.A215A 45.4307 5.23226 175
Z3.A280A 44.5391 7.9089 214
Z3.A281A 44.8534 7.7099 88
Z3.A165A 46.9102 3.4984 107
Z3.A166B 46.9821 4.14769 103
Z3.A167A 46.7469 5.31951 104
Z3.A168A 46.5604 3.9329 93
Z3.A169A 46.5963 4.58183 102
Z3.A170A 46.3781 3.4474 136
Z3.A172B 46.4101 5.26468 101
CH.LIENZ 47.2944 9.49177 392
IV.MDI 45.7697 9.716 419
Z3.A122A 48.2785 7.86782 447
Z3.A196A 44.0515 4.528 92
Z3.A198A 43.6006 2.8004 183
Z3.A199A 43.7438 3.6883 78
Z3.A200A 43.6927 4.1885 79
Z3.A201A 43.5006 4.7917 27
GR.TMO22 49.2192 8.1848 8
GR.TNS 50.2236 8.4489 441
CH.OTER1 47.5778 7.6039 30
Z3.A174A 45.9926 4.4619 135
Z3.A175A 45.9427 5.0747 130
Z3.A176A 45.7178 4.0666 134
Z3.A177A 45.5963 4.6086 137
Z3.A178B 45.6877 6.30458 176
Z3.A179A 45.4723 2.9722 147
Z3.A061A 47.0984 8.92522 56
Z3.A284A 45.1371 9.3837 49
Z3.A286A 45.366 8.8338 50
Z3.A288A 46.0082 8.4818 39
Z3.A289A 46.0473 9.761 106
Z3.A155A 48.4312 6.08404 59
Z3.A156A 47.9467 4.5341 88
Z3.A157B 47.9929 5.79934 173
Z3.A158A 48.0044 6.347 176
Z3.A159A 47.6439 4.31789 88
FR.OGSI 46.0565 6.75688 458
Z3.A164A 47.1042 5.8104 11
Z3.A180A 45.3113 4.0427 138
Z3.A188A 44.6001 3.9367 92
Z3.A195A 43.9752 2.7193 194
Z3.A208A 42.2326 8.7937 83
IV.MSSA 44.3162 9.51739 345
GU.RSP 45.1482 7.2649 395
Z3.A190A 44.3246 2.8695 176
Z3.A191A 44.3193 3.5378 193
Z3.A192B 44.5006 4.57526 202
Z3.A193A 44.3712 5.14762 73
Z3.A194A 44.3933 6.5023 36
Z3.A129A 49.3426 7.74195 196
Z3.A151A 48.882 6.37985 58
Z3.A152A 48.7248 6.85392 58
Z3.A153A 48.318 4.7968 69
Z3.A202A 43.5025 3.2602 77
Z3.A204A 43.2413 5.6099 92
Z3.A205A 43.2001 6.2335 79
Z3.A206A 43.2197 6.601 95
Z3.A160A 47.6908 5.0502 150
Z3.A161A 47.5835 6.0108 77
Z3.A162A 47.3055 4.57935 88
Z3.A163A 47.197 5.20102 87
SK.KOLS 48.9333 22.2731 318
SK.MODS 48.373 17.277 302
CZ.NKC 50.2331 12.4479 268
CZ.PVCC 50.5282 14.569 289
CZ.TREC 49.2948 15.4871 288
CZ.UPC 50.5074 16.0121 275
CZ.VRAC 49.3084 16.5933 305
Z3.A263A 46.6408 17.3149 35
Z3.A265A 46.4244 17.7954 33
Z3.A266A 46.5256 18.2647 32
HU.SOP 47.6807 16.5567 295
HU.TIH 46.9001 17.8877 303
HU.TRPA 48.1304 22.5391 304
Z3.A090A 49.3655 17.8278 400
Z3.A301A 45.6198 12.621 23
Z3.A304A 45.0167 12.0335 26
Z3.A332A 48.8045 18.4645 144
Z3.A333A 48.7156 17.1041 86
Z3.A335A 48.4469 18.3359 172
Z3.A007A 48.7162 15.5288 149
Z3.A012A 47.604 15.586 62
Z3.A013A 48.0635 15.4063 287
Z3.A074A 49.6715 13.5309 71
PL.NIE 49.4182 20.2996 309
PL.OJC 50.2195 19.7984 272
IV.LMD 44.0775 11.7073 403
CZ.JAVC 48.8591 17.6707 308
CZ.KHC 49.1309 13.5782 288
CZ.KRLC 50.0966 16.8341 272
CZ.KRUC 49.0619 16.3952 306
CZ.MORC 49.7766 17.5428 308
HU.ABAH 48.2961 21.2397 287
HU.BEHE 46.4703 16.7755 295
Z3.A083A 49.6959 15.6077 434
GR.MILB 49.8284 9.2923 277
Z3.A021A 46.7566 15.8253 334
NI.PALA 46.245 12.924 249
NI.PURA 46.4258 12.7419 267
Z3.A339A 47.8294 17.6559 279
OX.BOO 46.3195 13.0984 458
CZ.CHVC 50.5881 16.0547 288
CZ.CKRC 48.8199 14.3095 275
CZ.DPC 50.3502 16.3222 287
CZ.HSKC 50.6072 13.4317 236
IV.OPPE 45.3082 11.1724 401
SK.VYHS 48.494 18.8361 295
HU.BUD 47.4831 19.0201 307
HU.PSZ 47.9184 19.8944 310
TH.WESF 50.5375 11.2123 66
Z3.A001A 48.7287 16.5904 295
Z3.A050A 44.4818 16.5313 76
Z3.A051A 45.0125 16.9069 80
Z3.A052A 45.1026 17.5139 84
Z3.A268A 47.4313 17.9238 77
Z3.A269A 47.6386 18.3824 77
Z3.A270A 47.8452 19.0186 77
Z3.A273A 45.9163 17.8161 38
OX.ZOU2 46.5584 12.9729 89
PL.KWP 49.6314 22.7075 279
HU.CSKK 47.3631 18.2606 300
HU.EGYH 47.4162 17.3317 305
HU.KOVH 46.0883 18.0999 291
HU.MORH 46.215 18.6436 302
HU.MPLH 47.1712 17.5348 295
CZ.OKC 49.8346 18.14 290
CZ.OSTC 50.5565 16.2156 283
CZ.PRA 50.0703 14.4331 239
CZ.PRU 49.9883 14.5417 274
Z3.A252A 45.4356 17.8482 14
Z3.A260A 47.2834 16.7056 23
Z3.A261A 46.952 17.1486 35
Z3.A290A 46.5068 10.9028 174
Z3.A017A 47.948 14.7589 185
Z3.A018A 47.7437 15.0776 300
Z3.A019A 47.4457 15.0856 179
BW.RJOB 47.7372 12.7957 142
Z3.A010A 47.0733 16.0793 60
Z3.A016A 48.3014 14.6496 222
Z3.A334A 48.6044 17.6747 128
Z3.A331A 49.1501 18.2209 329
Z3.A024B 48.1002 14.1399 330
Z3.A336A 48.2333 18.999 117
Z3.A154A 48.4417 5.51523 72
Z3.A171A 46.2008 4.1125 93
SK.ZST 48.1961 17.1025 144
FR.OGGM 45.2057 6.11673 73
ZJ.SK14A 49.0006 20.7428 147
HU.BSZH 47.2996 20.267 253
ZJ.SK08A 48.569 19.7126 316
ZJ.PL04A 50.2397 23.2288 89
HU.AMBH 46.3501 20.7258 229
SK.SPC 49.1894 20.2339 202
HU.LTVH 47.3849 21.9007 225
GR.AHRW 50.541 7.076 116