ZJ.HU01A 47.3446 19.6202 6.730769230769231
ZJ.HU02A 48.1222 20.525 1.0752688172043012
ZJ.HU03A 47.9038 19.5997 2.0408163265306123
ZJ.HU04A 46.812 19.4777 12.987012987012985
ZJ.HU05A 47.5518 21.137 13.846153846153847
ZJ.HU06A 46.7123 20.5675 10.256410256410255
ZJ.HU07A 47.9812 21.9143 8.19672131147541
ZJ.HU08A 47.4313 17.9238 8.403361344537815
ZJ.HU09A 47.6386 18.3824 1.4285714285714286
ZJ.HU10A 47.8452 19.0186 13.043478260869565
ZJ.HU21A 46.3329 19.729 12.32876712328767
ZJ.HU22A 46.328 19.131 32.3943661971831
ZJ.HU23A 47.639 20.2496 8.771929824561402
ZJ.HU24A 46.9098 21.159 10.256410256410255
ZJ.JOS 48.4955 20.5374 -1
ZJ.PL01A 49.0639 22.6842 -1
ZJ.PL02A 49.378 22.5365 40.0
ZJ.PL03A 50.0217 22.8969 12.5
ZJ.PL04A 50.2397 23.2288 40.0
ZJ.PL05A 49.2598 22.1208 -1
ZJ.PL06A 49.5938 22.137 8.823529411764707
ZJ.PL07A 49.9431 22.4041 7.6923076923076925
ZJ.PL08A 50.3763 22.6766 15.384615384615385
ZJ.PL09A 49.6417 21.4052 7.894736842105263
ZJ.PL10A 49.9045 21.8899 20.0
ZJ.PL11A 50.23 22.1172 21.052631578947366
ZJ.PL12A 50.5792 21.9294 63.41463414634146
ZJ.PL13A 49.5968 20.9234 11.76470588235294
ZJ.PL14A 49.8794 21.0696 1.5384615384615385
ZJ.PL15A 50.231 21.4762 27.027027027027028
ZJ.PL16A 50.5924 21.3555 3.125
ZJ.PL17A 49.6008 20.3011 -1
ZJ.PL18A 49.9698 20.5063 8.771929824561402
ZJ.PL19A 50.283 20.9442 29.166666666666668
ZJ.PL20A 49.2957 19.8947 1.3157894736842104
ZJ.PL21A 49.5584 19.8706 -1
ZJ.PL22A 49.8359 20.0737 1.9230769230769231
ZJ.PL23A 50.2339 20.3234 10.416666666666668
ZJ.PL24A 49.7238 19.0043 1.3888888888888888
ZJ.PL25A 49.9182 19.5279 7.07070707070707
ZJ.PL26A 50.1902 19.1738 -1
ZJ.PL28A 50.2049 18.7694 -1
ZJ.PL29A 50.1667 18.3125 25.925925925925924
ZJ.PL30A 50.1442 17.6944 -1
ZJ.SK01A 49.4744 18.8045 2.1052631578947367
ZJ.SK02A 49.4548 19.3039 1.9230769230769231
ZJ.SK03A 49.1745 18.8611 0.9345794392523363
ZJ.SK04A 48.8668 19.138 -1
ZJ.SK05A 48.5093 19.1427 5.357142857142857
ZJ.SK06A 49.1505 19.4678 2.112676056338028
ZJ.SK07A 48.9247 19.7525 1.639344262295082
ZJ.SK08A 48.569 19.7126 1.0
ZJ.SK11A 48.8485 20.1878 -1
ZJ.SK12A 48.3175 19.9942 4.615384615384616
ZJ.SK13A 49.3155 20.6996 -1
ZJ.SK14A 49.0006 20.7428 2.0
ZJ.SK15A 48.7062 20.5114 -1
ZJ.SK16A 49.4171 21.2436 -1
ZJ.SK17A 49.2066 21.2394 -1
ZJ.SK18A 48.9137 21.174 -1
ZJ.SK20A 49.2138 21.6092 2.0408163265306123
ZJ.SK21A 49.0131 21.9974 -1
ZJ.SK22A 48.6199 21.7213 11.76470588235294
BW.BE1 47.9108 11.2213 2.604166666666667
BW.FFB1 48.1629 11.2751 3.4653465346534658
BW.KW1 48.1219 12.5972 4.2105263157894735
BW.MANZ 49.9862 12.1083 -1
BW.MGS04 47.9797 11.7188 2.5423728813559325
BW.RJOB 47.7372 12.7957 1.7699115044247788
BW.RJOB 47.7372 12.7957 2.631578947368421
BW.RJOB 47.7373 12.7956 3.225806451612903
BW.RJOB 47.7373 12.7956 4.761904761904762
BW.RNON 47.7405 12.8671 1.2345679012345678
BW.ROTZ 49.7669 12.207 0.48192771084337355
BW.SCE 47.0378 11.709 0.7299270072992701
CH.ACB 47.5877 8.25474 0.9708737864077669
CH.AIGLE 46.3418 6.95295 0.8968609865470852
CH.BALST 47.3358 7.69498 1.6042780748663104
CH.BALST 47.336 7.69485 2.4193548387096775
CH.BERGE 47.8716 8.17798 0.7117437722419928
CH.BERNI 46.4136 10.0231 0.9900990099009901
CH.BNALP 46.8703 8.4249 -1
CH.BOURR 47.3936 7.2301 1.36986301369863
CH.BRANT 46.938 6.47298 1.6129032258064515
CH.DAGMA 47.2309 8.01248 1.4336917562724014
CH.DAVOX 46.7805 9.87952 -1
CH.DIX 46.0811 7.40839 -1
CH.EMBD 46.2165 7.83223 -1
CH.EMING 47.8952 8.84676 1.7605633802816902
CH.EMMET 47.4376 8.01358 1.7857142857142856
CH.FIESA 46.4352 8.11051 3.816793893129771
CH.FUORN 46.6203 10.2636 -1
CH.FUSIO 46.4548 8.6629 -1
CH.GIMEL 46.5336 6.26545 -1
CH.GRIMS 46.5781 8.31886 -1
CH.HASLI 46.7567 8.15108 1.1235955056179776
CH.HASLI 46.7567 8.15108 1.1235955056179776
CH.HASLI 46.7568 8.15117 0.6535947712418301
CH.HASLI 46.7568 8.15117 0.6535947712418301
CH.LAUCH 46.4155 7.77166 1.2875536480686696
CH.LIENZ 47.2944 9.49177 1.556420233463035
CH.LKBD2 46.3745 7.64433 0.7326007326007326
CH.LLS 46.8468 9.00825 -1
CH.METMA 47.7122 8.25262 -1
CH.MMK 46.0507 7.96409 1.0309278350515463
CH.MTI02 47.3793 7.16525 0.6451612903225806
CH.MUGIO 45.9218 9.04171 -1
CH.MUO 46.9677 8.63706 3.7735849056603774
CH.NALPS 46.5951 8.74828 3.0303030303030303
CH.PANIX 46.8257 9.11171 -1
CH.PLONS 47.0492 9.38076 -1
CH.ROMAN 47.5643 9.33601 1.171875
CH.ROTHE 47.4761 7.92093 1.41643059490085
CH.SAIRA 47.3027 7.08645 4.119850187265917
CH.SENIN 46.3633 7.29938 -1
CH.SIMPL 46.2396 8.01958 1.1811023622047243
CH.SLE 47.7645 8.49236 -1
CH.SULZ 47.5275 8.11187 2.1447721179624666
CH.TORNY 46.7736 6.95874 1.6877637130801686
CH.VANNI 46.2101 7.59678 -1
CH.VDL 46.4832 9.44956 -1
CH.WALHA 47.7528 9.1231 3.793103448275862
CH.WILA 47.4146 8.90753 -1
CH.WILA 47.4148 8.9077 -1
CH.WIMIS 46.6649 7.62418 -1
CH.WOLEN 46.9978 7.3688 1.1363636363636365
CH.ZUR 47.3692 8.58088 -1
CR.BRJN 44.9059 13.7505 -1
CR.HVAR 43.1776 16.4488 -1
CR.KALN 46.1312 16.4555 3.1914893617021276
CR.KIJV 44.0049 16.4047 -1
CR.MORI 43.866 15.7073 -1
CR.MOSL 45.6135 16.7544 -1
CR.NVLJ 44.5635 14.8712 4.477611940298507
CR.OZLJ 45.6153 15.4673 -1
CR.PTJ 45.909 15.973 3.508771929824561
CR.RABC 44.7504 14.7821 12.5
CR.RIY 45.3251 14.4828 12.195121951219512
CR.SMRN 45.0361 14.1549 -1
CR.UDBI 44.5279 15.7644 8.823529411764707
CR.VIRC 44.2925 15.054 -1
CR.ZAG 45.8294 15.9942 7.8431372549019605
CZ.CHVC 50.5881 16.0547 -1
CZ.CKRC 48.8199 14.3095 -1
CZ.DPC 50.3502 16.3222 -1
CZ.GOPC 49.914 14.787 -1
CZ.HSKC 50.6072 13.4317 1.2903225806451613
CZ.JAVC 48.8591 17.6707 -1
CZ.KHC 49.1309 13.5782 -1
CZ.KRLC 50.0966 16.8341 0.5797101449275363
CZ.KRUC 49.0619 16.3952 -1
CZ.MORC 49.7766 17.5428 -1
CZ.NKC 50.2331 12.4479 1.1560693641618496
CZ.OKC 49.8346 18.14 -1
CZ.OSTC 50.5565 16.2156 -1
CZ.PBCC 49.6856 13.9953 -1
CZ.PRA 50.0703 14.4331 -1
CZ.PRU 49.9883 14.5417 -1
CZ.PVCC 50.5282 14.569 0.9090909090909091
CZ.TREC 49.2948 15.4871 -1
CZ.UPC 50.5074 16.0121 -1
CZ.VRAC 49.3084 16.5933 -1
FR.AGO 46.052 3.131 -1
FR.AJAC 41.9279 8.763 -1
FR.ARBF 43.4917 5.3325 -1
FR.ARTF 43.5882 5.8067 1.2738853503184715
FR.ASEAF 42.7948 6.1635 71.42857142857143
FR.BANN 44.3689 4.1563 -1
FR.BANN 44.3689 4.15633 -1
FR.BETS 48.8936 7.92429 21.428571428571427
FR.BLAF 43.951 6.045 -1
FR.BOUC 47.2469 6.25606 0.8733624454148471
FR.BSTF 43.8009 5.6433 25.0
FR.CALF 43.7528 6.9218 -1
FR.CARF 42.7149 2.1046 -1
FR.CFF 45.763 3.111 13.245033112582782
FR.CHMF 47.2484 6.6517 1.3605442176870748
FR.CIEL 48.8326 7.36375 4.784688995215311
FR.CLAF 43.135 3.09 -1
FR.COLF 45.5004 3.6937 -1
FR.CORF 42.298 9.153 -1
FR.EILF 43.5479 7.1312 -1
FR.ENAUX 44.1095 6.7775 1.7341040462427744
FR.ESCA 43.831 7.3744 -1
FR.FILF 42.5602 2.4171 -1
FR.FLAF 43.3827 6.2548 -1
FR.FNEB 42.9031 2.1064 -1
FR.FRNF 45.385 2.563 1.7241379310344827
FR.GRN 45.2413 5.7439 4.411764705882353
FR.HOHE 48.6587 7.4843 1.3888888888888888
FR.ILLF 47.6834 7.2543 1.2345679012345678
FR.ILLK 48.516 7.71682 19.35483870967742
FR.ISO 44.184 7.05 -1
FR.LAJAS 43.9698 3.22136 1.3157894736842104
FR.LBL 45.232 3.247 -1
FR.LEMB 49.0339 7.75891 0.9259259259259258
FR.LEUC 44.7606 2.55412 -1
FR.MANO 48.8277 5.92254 -1
FR.MLYF 43.988 5.7675 28.57142857142857
FR.MOF 47.851 7.134 -1
FR.MON 43.7303 7.42469 -1
FR.MORSI 42.953 9.363 -1
FR.MVIF 43.896 7.153 33.33333333333333
FR.NEEW 48.956 8.10404 5.88235294117647
FR.OG02 46.1542 6.22021 1.0204081632653061
FR.OG35 46.0445 5.57127 -1
FR.OG35 46.0448 5.57181 -1
FR.OGAG 44.7878 6.53974 -1
FR.OGCB 44.8501 5.09654 3.0927835051546393
FR.OGCB 44.8501 5.09654 2.083333333333333
FR.OGCB 44.8502 5.09662 3.488372093023256
FR.OGCB 44.8502 5.09662 2.3529411764705883
FR.OGCC 44.4291 5.54989 3.6363636363636362
FR.OGCN 45.1539 5.08896 12.5
FR.OGCN 45.1539 5.08897 31.57894736842105
FR.OGDI 44.1093 6.2253 -1
FR.OGGM 45.2057 6.11673 -1
FR.OGLC 44.3703 6.074 -1
FR.OGLC 44.3703 6.07404 -1
FR.OGMO 45.2086 6.68308 -1
FR.OGMY 45.881 5.88932 1.6304347826086956
FR.OGRV 46.3459 4.7522 1.2244897959183674
FR.OGS1 45.0608 5.80467 1.9047619047619049
FR.OGS2 45.0645 5.80132 3.91304347826087
FR.OGS3 45.0695 5.80607 1.932367149758454
FR.OGSA 45.0368 6.40093 3.076923076923077
FR.OGSA 45.0368 6.40093 1.5625
FR.OGSA 45.0368 6.40152 2.3529411764705883
FR.OGSA 45.0368 6.40152 1.1904761904761905
FR.OGSI 46.0565 6.75688 -1
FR.OGSI 46.0567 6.75611 -1
FR.OGSM 45.6092 5.69722 -1
FR.OGSM 45.6093 5.69724 -1
FR.OGVG 44.8152 6.11233 -1
FR.OPS 48.9213 7.88278 3.076923076923077
FR.PIAF 44.1164 7.61747 -1
FR.PLDF 45.97 3.621 1.5228426395939088
FR.PLYF 46.9565 4.7442 2.9268292682926833
FR.RIVEL 46.759 5.92249 0.8583690987124464
FR.RONF 47.7107 6.6472 2.380952380952381
FR.RSL 45.6882 6.62452 -1
FR.RUSF 43.9412 5.4837 -1
FR.SALSA 43.881 6.6888 -1
FR.SAOF 43.986 7.5532 -1
FR.SAUF 43.9377 5.1064 -1
FR.SJAF 42.4835 2.8762 0.8333333333333334
FR.SMPL 42.0945 9.2847 -1
FR.SPIF 44.0558 7.2366 -1
FR.STR 48.5799 7.7633 15.789473684210526
FR.SURF 44.4809 6.8117 -1
FR.SZBH 48.9325 7.86305 11.602209944751381
FR.TRBF 44.1054 3.9587 -1
FR.TRIGF 43.7471 6.4074 1.0638297872340425
FR.TURF 43.9749 7.3919 -1
FR.VAL4 44.9057 4.89205 22.22222222222222
FR.VALC 42.3876 2.04036 -1
FR.VDH4 48.6525 7.78374 50.0
FR.VERF 45.749 2.483 -1
FR.VOEL 48.9667 7.12266 3.0303030303030303
FR.WALT 47.9657 7.27652 4.081632653061225
FR.WLS 48.4127 7.3536 3.111111111111111
FR.XAFF 48.4071 6.61952 1.744186046511628
FR.ZELS 48.3023 7.63158 12.5
G.ECH 48.2163 7.15896 -1
G.SSB 45.279 4.542 -1
GE.STU 48.7719 9.195 1.1235955056179776
GR.AHRW 50.541 7.076 -1
GR.BFO 48.3301 8.3296 -1
GR.BFO 48.3311 8.3303 -1
GR.BRG 50.8733 13.9436 1.1627906976744187
GR.BRG 50.8748 13.9469 0.7874015748031495
GR.FUR 48.1639 11.2768 2.293577981651376
GR.GEC2 48.8443 13.7006 0.628930817610063
GR.GRA1 49.6908 11.2204 1.8292682926829267
GR.GRA1 49.6908 11.2204 1.2269938650306749
GR.GRA1 49.6919 11.2217 1.2195121951219512
GR.GRA1 49.6919 11.2217 0.8163265306122449
GR.GRA2 49.6541 11.3581 -1
GR.GRA2 49.6552 11.3594 -1
GR.GRA3 49.7611 11.3174 1.8072289156626504
GR.GRA3 49.7611 11.3174 2.3952095808383236
GR.GRA3 49.7622 11.3187 1.2048192771084338
GR.GRA3 49.7622 11.3187 1.6
GR.GRA4 49.5643 11.4345 1.6483516483516485
GR.GRA4 49.5643 11.4345 3.2432432432432434
GR.GRA4 49.5654 11.4359 1.1673151750972763
GR.GRA4 49.5654 11.4359 2.307692307692308
GR.GRB1 49.3903 11.6506 -1
GR.GRB1 49.3913 11.652 -1
GR.GRB2 49.2698 11.6681 1.0638297872340425
GR.GRB2 49.2698 11.6681 0.53475935828877
GR.GRB2 49.2709 11.67 0.819672131147541
GR.GRB2 49.2709 11.67 0.411522633744856
GR.GRB3 49.3426 11.8047 0.6493506493506493
GR.GRB3 49.3426 11.8047 1.2903225806451613
GR.GRB3 49.3435 11.806 0.48543689320388345
GR.GRB3 49.3435 11.806 0.966183574879227
GR.GRB4 49.4678 11.5595 0.8064516129032258
GR.GRB4 49.4678 11.5595 1.6
GR.GRB4 49.4689 11.5608 0.5405405405405406
GR.GRB4 49.4689 11.5608 1.0752688172043012
GR.GRB5 49.1111 11.6753 1.1627906976744187
GR.GRB5 49.1121 11.6767 0.8403361344537815
GR.GRC1 48.9951 11.52 -1
GR.GRC1 48.9962 11.5213 -1
GR.GRC2 48.8666 11.3742 0.7299270072992701
GR.GRC2 48.8666 11.3742 0.7299270072992701
GR.GRC2 48.8676 11.3755 0.5649717514124294
GR.GRC2 48.8676 11.3755 0.5649717514124294
GR.GRC3 48.8891 11.5845 0.628930817610063
GR.GRC3 48.8891 11.5845 0.628930817610063
GR.GRC3 48.8902 11.5858 0.4032258064516129
GR.GRC3 48.8902 11.5858 0.4032258064516129
GR.GRC4 49.0857 11.525 0.5952380952380952
GR.GRC4 49.0857 11.525 0.5952380952380952
GR.GRC4 49.0867 11.5263 0.4098360655737705
GR.GRC4 49.0867 11.5263 0.4098360655737705
GR.MILB 49.8284 9.2923 1.89873417721519
GR.MOX 50.6461 11.6161 0.7832898172323759
GR.TMO22 49.2192 8.1848 15.09433962264151
GR.TNS 50.2236 8.4489 0.8379888268156425
GR.UBBA 50.8188 10.001 -1
GR.UBR 47.6799 10.1071 -1
GR.WET 49.1448 12.8803 -1
GU.BHB 44.8352 7.26333 -1
GU.BHB 44.8355 7.263 -1
GU.BURY 43.7825 7.5569 3.125
GU.BURY 43.7825 7.557 4.3478260869565215
GU.CANO 44.2075 8.2372 1.5873015873015872
GU.CARD 44.026 10.4821 1.6666666666666667
GU.CARD 44.026 10.4821 3.278688524590164
GU.CARD 44.0261 10.4821 2.3255813953488373
GU.CARD 44.0261 10.4821 4.545454545454546
GU.CIRO 45.6019 7.5681 -1
GU.CIRO 45.6019 7.5682 -1
GU.ENR 44.2267 7.42033 -1
GU.ENR 44.2294 7.4182 -1
GU.EQUI 44.166 10.153 1.36986301369863
GU.GBOS 44.2416 7.8399 -1
GU.GORR 44.6071 9.2926 -1
GU.GRAM 44.4904 10.065 1.9047619047619049
GU.GRAM 44.4904 10.065 0.9615384615384616
GU.GRAM 44.4913 10.0658 1.5873015873015872
GU.GRAM 44.4913 10.0658 0.8
GU.GSCL 44.3505 10.5881 1.36986301369863
GU.GSCL 44.3505 10.5881 2.0408163265306123
GU.GSCL 44.3506 10.588 1.5625
GU.GSCL 44.3506 10.588 2.3255813953488373
GU.LSD 45.4595 7.13433 -1
GU.LSD 45.4596 7.1339 -1
GU.MAIM 43.9131 10.4916 76.19047619047619
GU.MAIM 43.9131 10.4916 16.666666666666664
GU.MAIM 43.9142 10.4915 16.161616161616163
GU.MAIM 43.9142 10.4915 1.1904761904761905
GU.MGRO 44.0426 7.8082 -1
GU.PCP 44.5413 8.54517 1.342281879194631
GU.PCP 44.5413 8.5455 1.9230769230769231
GU.POPM 44.045 10.7568 -1
GU.POPM 44.045 10.757 -1
GU.PZZ 44.5065 7.1157 12.0
GU.PZZ 44.5065 7.1157 6.382978723404255
GU.PZZ 44.5068 7.116 7.59493670886076
GU.PZZ 44.5068 7.116 3.9473684210526314
GU.REMY 45.8378 7.1565 13.953488372093023
GU.RNCA 44.4711 8.9512 2.0408163265306123
GU.RNCA 44.4711 8.9512 2.0408163265306123
GU.RNCA 44.4712 8.9512 2.127659574468085
GU.RNCA 44.4712 8.9512 2.127659574468085
GU.RORO 44.1122 8.06617 9.090909090909092
GU.RORO 44.1122 8.06617 9.090909090909092
GU.ROTM 44.8493 8.3523 22.22222222222222
GU.ROTM 44.8493 8.3523 22.22222222222222
GU.ROTM 44.8493 8.3527 28.57142857142857
GU.ROTM 44.8493 8.3527 28.57142857142857
GU.RRL 44.9208 6.79083 3.508771929824561
GU.RRL 44.9208 6.79083 2.366863905325444
GU.RRL 44.921 6.79 5.084745762711865
GU.RRL 44.921 6.79 3.4482758620689653
GU.RSP 45.1482 7.2649 5.084745762711865
GU.RSP 45.1482 7.2649 9.67741935483871
GU.RSP 45.1482 7.26533 3.3707865168539324
GU.RSP 45.1482 7.26533 6.521739130434782
GU.SATI 45.8753 7.8685 3.125
GU.SATI 45.8753 7.8685 3.875968992248062
GU.SATI 45.8754 7.8685 5.0
GU.SATI 45.8754 7.8685 6.172839506172839
GU.STV 44.2451 7.3263 -1
GU.STV 44.2455 7.326 -1
GU.TRAV 45.5122 7.7461 -1
GU.TRAV 45.5127 7.747 -1
HU.ABAH 48.2961 21.2397 5.88235294117647
HU.AMBH 46.3501 20.7258 9.67741935483871
HU.BEHE 46.4703 16.7755 5.333333333333334
HU.BSZH 47.2996 20.267 5.194805194805195
HU.BUD 47.4831 19.0201 -1
HU.CSKK 47.3631 18.2606 1.6129032258064515
HU.EGYH 47.4162 17.3317 5.555555555555555
HU.KOVH 46.0883 18.0999 -1
HU.LTVH 47.3849 21.9007 13.157894736842104
HU.MORH 46.215 18.6436 -1
HU.MPLH 47.1712 17.5348 1.0416666666666665
HU.PSZ 47.9182 19.8934 0.38461538461538464
HU.PSZ 47.9182 19.8934 0.38461538461538464
HU.PSZ 47.9184 19.8944 0.7936507936507936
HU.PSZ 47.9184 19.8944 0.7936507936507936
HU.SOP 47.6807 16.5567 -1
HU.TIH 46.9001 17.8877 19.387755102040817
HU.TRPA 48.1304 22.5391 1.556420233463035
IV.APEC 43.5585 12.4199 -1
IV.ASQU 43.7967 11.7893 1.4492753623188406
IV.BDI 44.0628 10.5956 -1
IV.BOB 44.7679 9.44782 2.564102564102564
IV.BRIS 44.2245 11.7666 -1
IV.BRMO 46.4762 10.3722 -1
IV.CAVE 44.8658 11.0031 7.377049180327869
IV.CELB 42.7466 10.2107 -1
IV.CRE 43.6189 11.9517 2.857142857142857
IV.CRMI 43.7956 10.9795 1.6064257028112447
IV.CSNT 43.4731 11.2902 7.82608695652174
IV.CTI 46.0482 11.6497 -1
IV.FIR 43.7744 11.2551 33.33333333333333
IV.FNVD 44.1678 11.1229 18.125
IV.FSSB 43.6931 12.7771 1.2903225806451613
IV.FVI 46.5966 12.7804 -1
IV.GROG 43.4262 9.89201 4.761904761904762
IV.IMI 43.9105 7.89317 -1
IV.LMD 44.0775 11.7073 0.6802721088435374
IV.MABI 46.0549 10.514 6.329113924050633
IV.MAGA 45.7753 10.6286 5.970149253731343
IV.MAGO 43.2732 10.6579 14.285714285714285
IV.MDI 45.7697 9.716 -1
IV.MONC 45.0739 7.9271 6.306306306306306
IV.MRGE 45.7697 7.06101 1.680672268907563
IV.MSSA 44.3162 9.51739 6.4
IV.MTRZ 44.3128 11.4248 6.122448979591836
IV.NARO 43.6108 12.5806 -1
IV.NDIM 44.8873 10.8987 25.287356321839084
IV.OPPE 45.3082 11.1724 30.0
IV.ORZI 45.4056 9.9307 20.0
IV.OSSC 43.5236 11.2458 6.493506493506493
IV.PARC 43.6486 12.2386 -1
IV.PESA 43.9411 12.8402 2.3952095808383236
IV.PII 43.7219 10.525 -1
IV.PLMA 44.0498 9.85365 0.8849557522123894
IV.PRMA 44.7637 10.3131 5.357142857142857
IV.PTCC 46.4075 13.354 -1
IV.QLNO 44.3242 8.34592 1.1976047904191618
IV.ROVR 45.6468 11.0721 -1
IV.RSM2 43.9377 12.4451 16.666666666666664
IV.SALO 45.6183 10.5243 4.444444444444445
IV.SARZ 44.8673 8.9136 55.55555555555556
IV.SEI 44.0543 11.3586 1.507537688442211
IV.STAL 46.2601 12.7104 -1
IV.TEOL 45.3617 11.6739 14.507772020725387
IV.VARE 45.8677 8.77 1.2448132780082988
IV.ZCCA 44.3508 10.9765 30.0
IV.ZONE 45.7636 10.1171 4.098360655737705
MN.BNI 45.052 6.678 -1
MN.TRI 45.709 13.764 -1
MN.TUE 46.4722 9.34732 -1
MN.VLC 44.1594 10.3864 4.098360655737705
NI.DST2 45.6587 13.8013 -1
NI.DST2 45.6589 13.8013 -1
NI.PALA 46.245 12.924 18.75
NI.POLC 46.0266 12.5005 13.513513513513514
NI.PURA 46.4258 12.7419 -1
NI.VINO 46.2538 13.2755 -1
OE.ABTA 46.7474 12.5123 -1
OE.KBA 47.0784 13.3447 -1
OE.LESA 47.4243 12.677 0.8849557522123894
OE.MYKA 46.6299 13.6416 -1
OE.OBKA 46.5092 14.5489 0.6944444444444444
OX.ACOM 46.548 13.5137 2.0408163265306123
OX.AGOR 46.2329 12.0472 -1
OX.AGOR 46.2829 12.0472 -1
OX.BAD 46.234 13.2438 -1
OX.BALD 45.683 10.8187 17.77777777777778
OX.BOO 46.3195 13.0984 2.9850746268656714
OX.CAE 46.009 12.4379 1.1111111111111112
OX.CGRP 45.8806 11.8047 17.045454545454543
OX.CIMO 46.3116 12.4448 -1
OX.CLUD 46.4569 12.8814 0.9259259259259258
OX.DRE 46.1733 13.645 0.7722007722007722
OX.FUSE 46.4142 13.0011 0.9569377990430622
OX.MARN 45.6378 11.2099 1.4634146341463417
OX.MLN 46.1495 12.6154 -1
OX.MPRI 46.2408 12.9877 -1
OX.PLRO 46.5491 13.1481 1.0869565217391304
OX.PRED 46.4428 13.565 -1
OX.SABO 45.9875 13.6336 1.4598540145985401
OX.VARN 45.9922 12.1051 3.6544850498338874
OX.ZOU2 46.5584 12.9729 5.357142857142857
PL.KWP 49.6314 22.7075 -1
PL.NIE 49.4182 20.2996 22.413793103448278
PL.OJC 50.2195 19.7984 -1
RD.ETNF 48.2622 6.0382 2.666666666666667
RD.FLAF 43.3827 6.2549 1.694915254237288
RD.LOR 47.2683 3.8589 -1
RD.MTLF 43.3411 2.2175 -1
RD.ORIF 44.9183 5.88 1.2195121951219512
RD.PGF 42.5483 8.9994 -1
RD.SAVF 48.6152 5.1241 2.0408163265306123
RF.GEPF 46.275 13.1386 4.411764705882353
SI.ABSI 46.7285 11.3205 1.680672268907563
SI.BOSI 46.4952 11.3185 91.42857142857143
SI.KOSI 46.463 11.3778 8.75
SI.LUSI 45.9595 10.9436 1.3513513513513513
SI.MOSI 46.6164 10.5495 19.49685534591195
SI.RISI 46.948 12.0787 -1
SI.ROSI 46.9281 11.4118 3.3816425120772946
SK.CRVS 48.9022 21.4614 5.633802816901409
SK.KOLS 48.9333 22.2731 13.333333333333334
SK.MODS 48.373 17.277 -1
SK.SPC 49.1894 20.2339 -1
SK.VYHS 48.494 18.8361 1.910828025477707
SK.ZST 48.1961 17.1025 6.976744186046512
SL.BOJS 45.5043 15.2518 -1
SL.CADS 46.2281 13.7368 0.9569377990430622
SL.CEY 45.7381 14.4221 -1
SL.CRES 45.826 15.4569 -1
SL.CRNS 46.0807 14.2613 -1
SL.DOBS 46.1495 15.4695 -1
SL.GBAS 45.9348 14.4434 -1
SL.GBRS 45.5311 14.8101 -1
SL.GCIS 45.8672 15.6275 0.9615384615384616
SL.GOLS 46.0108 15.6245 -1
SL.GORS 46.3174 13.9999 -1
SL.GROS 46.461 15.5018 0.7380073800738007
SL.JAVS 45.8934 14.0643 -1
SL.KNDS 45.5278 14.3807 1.2195121951219512
SL.KOGS 46.4481 16.2504 -1
SL.LJU 46.0438 14.5278 -1
SL.MOZS 46.2941 14.4433 2.564102564102564
SL.PDKS 46.0612 14.9977 -1
SL.PERS 46.6365 15.1139 -1
SL.ROBS 46.2445 13.5094 -1
SL.SKDS 45.5464 14.0143 -1
SL.VISS 45.8033 14.8393 -1
SL.VNDS 46.1016 14.7014 2.083333333333333
SL.VOJS 46.0322 13.8877 -1
SL.ZAVS 46.4342 15.0246 -1
SX.TANN 50.415 12.461 0.78125
TH.ABG1 50.9676 12.5763 -1
TH.ANNA 50.889 12.645 0.5571030640668524
TH.CRUX 50.602 10.7921 -1
TH.GRZ1 50.6908 12.2196 -1
TH.HKWD 50.8297 12.2681 -1
TH.HWTS 50.5923 11.4722 -1
TH.HWTS 50.5923 11.4723 -1
TH.LEIB1 50.5761 11.1978 0.5333333333333333
TH.MLFH 50.7898 12.0809 1.342281879194631
TH.MODW 50.9427 12.4684 0.6644518272425249
TH.PLN 50.4852 12.1573 -1
TH.TAUT 50.9816 11.7107 1.2376237623762376
TH.THWA 50.7626 10.6771 2.4096385542168677
TH.VITZ 50.8876 10.0917 0.7792207792207793
TH.WESF 50.5375 11.2123 0.8
TH.ZEU 50.6706 11.9771 -1
Z3.A001A 48.7287 16.5904 3.6363636363636362
Z3.A002A 48.3175 16.6152 -1
Z3.A004A 47.9629 16.3971 14.285714285714285
Z3.A005A 48.3784 16.1207 -1
Z3.A005B 48.3719 16.2054 1.3513513513513513
Z3.A006A 48.7404 16.0203 5.6521739130434785
Z3.A007A 48.7162 15.5288 -1
Z3.A008A 48.3687 15.6522 -1
Z3.A009A 47.6775 16.0904 -1
Z3.A010A 47.0733 16.0793 8.333333333333332
Z3.A011A 47.3908 16.0077 13.333333333333334
Z3.A011B 47.4086 15.9587 1.5544041450777202
Z3.A012A 47.604 15.586 -1
Z3.A013A 48.0635 15.4063 1.4492753623188406
Z3.A014A 48.3483 15.1619 -1
Z3.A015A 48.9334 14.9936 -1
Z3.A016A 48.3014 14.6496 2.3529411764705883
Z3.A017A 47.948 14.7589 2.4390243902439024
Z3.A018A 47.7437 15.0776 1.2195121951219512
Z3.A019A 47.4457 15.0856 1.0309278350515463
Z3.A020A 46.9484 15.2994 14.754098360655737
Z3.A021A 46.7566 15.8253 3.292181069958848
Z3.A022A 48.6348 14.7326 -1
Z3.A023A 48.4608 14.0707 0.6666666666666667
Z3.A024A 48.2131 14.1367 -1
Z3.A024B 48.1002 14.1399 6.024096385542169
Z3.A025A 47.5207 14.4165 -1
Z3.A026A 46.9332 14.5516 -1
Z3.A027A 46.8159 14.0074 0.9433962264150944
Z3.A028A 47.103 13.9958 -1
Z3.A029A 47.4301 13.7611 -1
Z3.A030A 47.8277 13.5612 -1
Z3.A031A 48.4272 13.4975 -1
Z3.A032A 48.123 13.3063 -1
Z3.A033A 47.4797 13.126 1.507537688442211
Z3.A034A 46.9091 13.0787 -1
Z3.A035A 47.1968 12.7209 -1
Z3.A036A 47.3789 12.3084 0.9950248756218906
Z3.A037A 47.0703 10.2643 -1
Z3.A038A 47.4642 11.9189 1.7543859649122806
Z3.A050A 44.4818 16.5313 -1
Z3.A051A 45.0125 16.9069 1.4598540145985401
Z3.A052A 45.1026 17.5139 4.081632653061225
Z3.A060A 47.0305 7.8904 -1
Z3.A060B 46.993 7.97764 -1
Z3.A061A 47.0984 8.92522 1.4598540145985401
Z3.A062A 46.1808 9.1126 4.054054054054054
Z3.A071A 49.7419 12.6911 1.6129032258064515
Z3.A072A 49.4683 13.1735 -1
Z3.A073A 49.9916 13.2331 -1
Z3.A074A 49.6715 13.5309 -1
Z3.A075A 50.0377 13.8737 0.6622516556291391
Z3.A076A 49.6168 14.1494 -1
Z3.A077A 49.2705 14.0739 -1
Z3.A078A 48.864 14.2845 1.8181818181818181
Z3.A079A 49.2288 14.7074 1.3513513513513513
Z3.A080A 49.684 14.9288 2.127659574468085
Z3.A081A 50.0752 15.0341 2.877697841726619
Z3.A082A 50.061 15.6502 2.5906735751295336
Z3.A083A 49.6959 15.6077 3.435114503816794
Z3.A084A 48.9434 15.7007 0.6734006734006733
Z3.A085A 49.4392 16.1962 0.5952380952380952
Z3.A086A 49.8528 16.1457 0.6269592476489028
Z3.A087A 49.7049 16.8893 0.6968641114982579
Z3.A089A 49.1521 17.092 2.6548672566371683
Z3.A090A 49.3655 17.8278 -1
Z3.A100A 48.453 8.92609 1.345291479820628
Z3.A101B 48.1182 8.55019 1.5706806282722512
Z3.A102A 48.14 9.19935 0.9174311926605505
Z3.A103A 47.8102 9.52212 5.263157894736842
Z3.A103B 47.8102 9.52224 -1
Z3.A104A 48.0628 9.71035 6.0
Z3.A105A 47.407 10.2934 -1
Z3.A106B 48.7534 9.72194 -1
Z3.A107C 48.0194 10.1998 5.555555555555555
Z3.A108A 48.3477 9.83113 2.73224043715847
Z3.A109A 48.4438 9.45858 -1
Z3.A111A 49.8478 10.2132 -1
Z3.A112A 49.6499 7.90856 -1
Z3.A113A 49.546 8.72964 -1
Z3.A114A 49.5901 9.1824 3.9735099337748347
Z3.A115A 49.274 9.05236 1.36986301369863
Z3.A116A 49.398 9.48334 2.127659574468085
Z3.A117A 49.0441 9.56839 0.6493506493506493
Z3.A118A 49.3542 9.96992 33.33333333333333
Z3.A118B 49.3447 9.97441 0.7490636704119851
Z3.A119A 49.0071 10.0384 1.6260162601626018
Z3.A121A 47.8354 7.72581 -1
Z3.A122A 48.2785 7.86782 0.9302325581395349
Z3.A123A 48.6115 7.89096 19.047619047619047
Z3.A124A 48.6539 8.4941 0.9009009009009009
Z3.A125A 48.9743 8.68367 0.9009009009009009
Z3.A126A 48.9893 8.49214 2.7777777777777777
Z3.A127A 49.1967 7.97808 0.8771929824561403
Z3.A128A 49.3986 8.59629 -1
Z3.A129A 49.3426 7.74195 -1
Z3.A140A 47.5522 11.4363 -1
Z3.A141A 47.7528 11.8492 -1
Z3.A143A 47.6836 11.0034 0.9345794392523363
Z3.A144A 48.0981 12.0834 7.142857142857142
Z3.A145A 47.8693 12.3915 2.857142857142857
Z3.A146A 48.2928 12.975 8.108108108108109
Z3.A147A 48.5379 12.9455 -1
Z3.A147B 48.53 12.9776 18.478260869565215
Z3.A148A 48.478 12.4605 10.0
Z3.A148B 48.5094 12.4767 3.1446540880503147
Z3.A151A 48.882 6.37985 -1
Z3.A152A 48.7248 6.85392 5.714285714285714
Z3.A153A 48.318 4.7968 -1
Z3.A154A 48.4417 5.51523 -1
Z3.A155A 48.4312 6.08404 -1
Z3.A156A 47.9467 4.5341 1.7094017094017095
Z3.A157A 48.0025 5.73258 -1
Z3.A157B 47.9929 5.79934 -1
Z3.A158A 48.0044 6.347 1.0471204188481675
Z3.A159A 47.6439 4.31789 -1
Z3.A160A 47.6908 5.0502 1.9230769230769231
Z3.A161A 47.5835 6.0108 2.8301886792452833
Z3.A162A 47.3055 4.57935 1.8867924528301887
Z3.A163A 47.197 5.20102 15.217391304347828
Z3.A164A 47.1042 5.8104 -1
Z3.A165A 46.9102 3.4984 4.827586206896552
Z3.A166A 46.9816 4.14798 -1
Z3.A166B 46.9821 4.14769 -1
Z3.A167A 46.7469 5.31951 10.95890410958904
Z3.A168A 46.5604 3.9329 3.0
Z3.A169A 46.5963 4.58183 -1
Z3.A170A 46.3781 3.4474 53.48837209302325
Z3.A171A 46.2008 4.1125 -1
Z3.A172A 46.3858 5.2132 44.44444444444444
Z3.A172B 46.4101 5.26468 27.77777777777778
Z3.A173A 46.3296 6.6808 -1
Z3.A174A 45.9926 4.4619 1.7857142857142856
Z3.A175A 45.9427 5.0747 17.857142857142858
Z3.A176A 45.7178 4.0666 20.26143790849673
Z3.A177A 45.5963 4.6086 -1
Z3.A178A 45.8107 6.2004 -1
Z3.A178B 45.6877 6.30458 7.4074074074074066
Z3.A179A 45.4723 2.9722 6.451612903225806
Z3.A180A 45.3113 4.0427 -1
Z3.A181A 45.3805 6.302 7.4074074074074066
Z3.A182A 44.9695 2.8069 -1
Z3.A183A 45.0107 3.663 -1
Z3.A184A 44.892 4.4516 -1
Z3.A185A 45.1209 5.0728 20.0
Z3.A186A 44.7932 5.5891 -1
Z3.A186B 44.793 5.5892 -1
Z3.A187A 44.7343 3.3398 1.5873015873015872
Z3.A188A 44.6001 3.9367 -1
Z3.A190A 44.3246 2.8695 1.8518518518518516
Z3.A191A 44.3193 3.5378 -1
Z3.A192A 44.5069 4.5869 -1
Z3.A192B 44.5006 4.57526 3.076923076923077
Z3.A193A 44.3712 5.14762 -1
Z3.A194A 44.3933 6.5023 2.857142857142857
Z3.A195A 43.9752 2.7193 3.4482758620689653
Z3.A196A 44.0515 4.528 -1
Z3.A198A 43.6006 2.8004 3.3333333333333335
Z3.A199A 43.7438 3.6883 -1
Z3.A200A 43.6927 4.1885 27.11864406779661
Z3.A201A 43.5006 4.7917 9.25925925925926
Z3.A202A 43.5025 3.2602 -1
Z3.A204A 43.2413 5.6099 1.7543859649122806
Z3.A205A 43.2001 6.2335 0.9009009009009009
Z3.A206A 43.2197 6.601 -1
Z3.A208A 42.2326 8.7937 -1
Z3.A209A 42.5041 9.4944 66.66666666666666
Z3.A209B 42.5029 9.5066 12.82051282051282
Z3.A210A 48.8277 5.92254 4.444444444444445
Z3.A211A 48.4071 6.61952 -1
Z3.A212A 48.0931 5.0444 -1
Z3.A213A 47.4967 5.4799 1.7857142857142856
Z3.A214A 46.362 5.8003 4.651162790697675
Z3.A215A 45.4307 5.23226 6.4
Z3.A216A 44.4291 5.54989 6.451612903225806
Z3.A217A 44.3701 6.0733 3.6363636363636362
Z3.A250A 45.084 14.9106 2.666666666666667
Z3.A251A 45.1286 16.2664 -1
Z3.A252A 45.4356 17.8482 1.5037593984962405
Z3.A260A 47.2833 16.7059 25.0
Z3.A260A 47.2833 16.7059 17.5
Z3.A260A 47.2834 16.7056 28.947368421052634
Z3.A260A 47.2834 16.7056 20.588235294117645
Z3.A261A 46.952 17.1486 32.5
Z3.A261A 46.952 17.1486 28.947368421052634
Z3.A261A 46.9521 17.1486 35.13513513513514
Z3.A261A 46.9521 17.1486 31.428571428571427
Z3.A262A 46.8642 16.5276 15.702479338842975
Z3.A263A 46.6408 17.3148 4.705882352941177
Z3.A263A 46.6408 17.3148 1.2195121951219512
Z3.A263A 46.6408 17.3149 5.714285714285714
Z3.A263A 46.6408 17.3149 1.4925373134328357
Z3.A264A 46.1597 17.2897 15.92356687898089
Z3.A265A 46.4244 17.7954 16.129032258064516
Z3.A265A 46.4244 17.7954 14.285714285714285
Z3.A265A 46.4244 17.7955 18.29268292682927
Z3.A265A 46.4244 17.7955 16.25
Z3.A266A 46.5256 18.2647 22.413793103448278
Z3.A266A 46.5256 18.2647 11.76470588235294
Z3.A266A 46.5256 18.2648 21.311475409836063
Z3.A266A 46.5256 18.2648 11.11111111111111
Z3.A267A 46.9463 18.482 10.227272727272728
Z3.A268A 47.4313 17.9238 4.651162790697675
Z3.A269A 47.6386 18.3824 2.9069767441860463
Z3.A270A 47.8452 19.0186 17.857142857142858
Z3.A271A 47.1547 18.8341 36.36363636363637
Z3.A271A 47.1547 18.8341 50.0
Z3.A271A 47.1548 18.8342 36.36363636363637
Z3.A271A 47.1548 18.8342 50.0
Z3.A272A 46.7444 18.9654 28.888888888888886
Z3.A273A 45.9163 17.8161 28.125
Z3.A273A 45.9163 17.8161 34.285714285714285
Z3.A273A 45.9164 17.816 18.75
Z3.A273A 45.9164 17.816 23.52941176470588
Z3.A280A 44.5391 7.9089 6.0606060606060606
Z3.A281A 44.8534 7.7099 20.0
Z3.A282A 45.2545 7.6133 20.0
Z3.A283B 45.238 8.2885 10.256410256410255
Z3.A284A 45.1371 9.3837 11.11111111111111
Z3.A285A 44.8939 9.9098 8.108108108108109
Z3.A286A 45.366 8.8338 33.33333333333333
Z3.A287A 45.6225 8.361 -1
Z3.A288A 46.0082 8.4818 4.878048780487805
Z3.A289A 46.0473 9.761 -1
Z3.A290A 46.5068 10.9028 2.0202020202020203
Z3.A291A 46.6246 11.8805 1.2738853503184715
Z3.A301A 45.6198 12.621 7.6923076923076925
Z3.A303A 45.3443 12.3182 -1
Z3.A304A 45.0167 12.0335 -1
Z3.A331A 49.1501 18.2209 0.8368200836820083
Z3.A332A 48.8045 18.4645 2.1739130434782608
Z3.A333A 48.7156 17.1041 60.0
Z3.A334A 48.6044 17.6747 4.635761589403973
Z3.A335A 48.4469 18.3359 2.0761245674740483
Z3.A336A 48.2333 18.999 2.100840336134454
Z3.A337A 48.2443 17.7898 14.285714285714285
Z3.A338A 48.0152 18.3525 14.492753623188406
Z3.A339A 47.8294 17.6559 9.375
Z3.A350A 50.1674 11.5708 1.2944983818770228
Z3.A351A 50.003 10.7922 -1
Z3.A351B 50.0019 10.7612 1.8181818181818181
Z3.A352A 49.8214 11.6903 1.486988847583643
Z3.A353A 49.5178 10.5426 0.7092198581560284
Z3.A354A 49.4523 10.969 0.6060606060606061
Z3.A355A 49.349 12.3832 -1
Z3.A356A 49.0371 12.2138 -1
Z3.A357A 48.6998 11.9992 11.11111111111111
Z3.A357B 48.7026 11.9466 7.346938775510205
Z3.A358A 48.8697 13.1943 -1
Z3.A359A 48.8331 12.6421 15.0
Z3.A360A 48.7289 10.297 1.968503937007874
Z3.A361A 48.7908 10.8171 1.7647058823529411
Z3.A362A 48.3637 10.4022 4.83271375464684
Z3.A363A 48.523 10.9334 4.545454545454546
Z3.A364A 48.5018 11.4507 10.465116279069768
Z3.A365A 48.1651 10.7334 2.7777777777777777
Z3.A366A 47.8333 10.6235 0.9803921568627451
Z3.A367A 48.3073 11.923 6.086956521739131
Z3.A368A 49.1259 10.5469 0.9287925696594427
Z3.A369A 49.1161 11.0216 0.8620689655172413
Z3.A402A 42.8793 5.3005 77.77777777777779
Z3.A404A 42.1782 5.01927 -1
Z3.A405A 42.4116 5.30365 33.33333333333333
Z3.A406A 42.6467 5.85667 75.0
Z3.A409A 43.3482 7.51672 71.42857142857143
Z3.A410A 43.5866 8.0732 -1
Z3.A412A 41.6476 4.74483 66.66666666666666
Z3.A414A 42.1783 5.85832 33.33333333333333
Z3.A415A 42.4119 6.41093 -1
Z3.A417A 42.8796 7.51782 66.66666666666666
Z3.A420A 43.4537 9.19548 16.666666666666664
Z3.A421A 41.7153 5.84997 33.33333333333333
Z3.A423A 42.1784 6.96405 -1
Z3.A428A 41.7102 6.96383 -1
Z3.A430A 42.1779 7.98092 50.0
Z3.A434A 43.8503 9.22987 87.5
XT.AAE01 50.6074 13.432 -1
XT.AAE02 50.5107 13.2526 2.380952380952381
XT.AAE03 50.4306 13.43 22.727272727272727
XT.AAE04 50.3545 13.2588 4.166666666666666
XT.AAE05 50.2522 13.3696 25.64102564102564
XT.AAE06 50.1747 13.252 -1
XT.AAE07 50.0733 13.4219 3.1746031746031744
XT.AAE08 49.991 13.2322 6.0
XT.AAE09 49.889 13.4135 -1
XT.AAE10 49.7998 13.2509 4.761904761904762
XT.AAE11 49.703 13.4692 -1
XT.AAE12 49.6045 13.2629 -1
XT.AAE13 49.5289 13.4547 -1
XT.AAE14 49.4427 13.2495 -1
XT.AAE15 49.3648 13.4141 8.333333333333332
XT.AAE16 49.2642 13.2193 7.547169811320755
XT.AAE17 49.1554 13.4379 3.8461538461538463
XT.AAE18 49.0982 13.2165 11.76470588235294
XT.AAE19 48.9712 13.4825 -1
XT.AAE20 48.8896 13.2981 -1
XT.AAE21 48.8037 13.4192 -1
XT.AAE22 48.719 13.2616 6.0606060606060606
XT.AAE23 48.6418 13.4277 6.25
XT.AAE24 48.531 13.2741 -1
XT.AAE25 48.467 13.4076 -1
XT.AAE26 48.3569 13.2878 17.391304347826086
XT.AAE27 48.2803 13.4336 14.285714285714285
XT.AAE28 48.1861 13.2633 13.333333333333334
XT.AAE29 48.09 13.4478 -1
XT.AAE30 48.0017 13.2646 -1
XT.AAE31 47.913 13.4361 -1
XT.AAE32 47.8188 13.2733 -1
XT.AAE33 47.7278 13.4307 -1
XT.AAE34 47.636 13.2614 -1
XT.AAE35 47.5485 13.4261 -1
XT.AAE36 47.4541 13.2486 -1
XT.AAE37 47.3677 13.4373 -1
XT.AAE38 47.2731 13.2526 -1
XT.AAE39 47.186 13.4194 -1
XT.AAE40 47.1045 13.2135 -1
XT.AAE41 47.0096 13.4352 -1
XT.AAE42 46.9086 13.27 -1
XT.AAE43 46.8405 13.4378 -1
XT.AAE44 46.7332 13.2491 5.263157894736842
XT.AAE45 46.6339 13.4147 -1
XT.AAE46 46.5641 13.2539 -1
XT.AAE47 46.4628 13.4375 -1
XT.AAE48 46.3796 13.2698 -1
XT.AAE49 46.3069 13.4009 -1
XT.AAE50 46.202 13.2657 -1
XT.AAE51 46.1294 13.432 -1
XT.AAE52 46.0136 13.2945 5.263157894736842
XT.AAE53 45.9254 13.402 -1
XT.AAE54 45.8418 13.2583 15.151515151515152
XT.AAE55 45.7552 13.4208 16.27906976744186
YP.CT01 44.2562 4.7991 -1
YP.CT02 44.2873 4.9139 37.5
YP.CT03 44.3244 5.0275 60.0
YP.CT04 44.371 5.1477 -1
YP.CT05 44.3705 5.2677 -1
YP.CT06 44.3824 5.3872 -1
YP.CT07 44.4105 5.517 -1
YP.CT08 44.4119 5.6051 -1
YP.CT09 44.4295 5.7144 -1
YP.CT10 44.4373 5.794 -1
YP.CT11 44.4537 5.9026 -1
YP.CT12 44.4751 5.9826 16.666666666666664
YP.CT13 44.4596 6.0559 -1
YP.CT14 44.4609 6.1375 -1
YP.CT15 44.4693 6.2362 -1
YP.CT16 44.4771 6.314 10.526315789473683
YP.CT17 44.5041 6.3576 9.090909090909092
YP.CT18 44.5006 6.4555 17.647058823529413
YP.CT19 44.5409 6.5198 11.11111111111111
YP.CT20 44.5854 6.5389 -1
YP.CT21 44.654 6.56859 -1
YP.CT22 44.6663 6.6248 24.242424242424242
YP.CT23 44.6642 6.6848 -1
YP.CT24 44.7288 6.7449 6.451612903225806
YP.CT25 44.7255 6.7705 -1
YP.CT26 44.765 6.8042 -1
YP.CT27 44.7662 6.8799 5.263157894736842
YP.CT28 44.7954 6.9237 -1
YP.CT29 44.7742 6.9548 -1
YP.CT30 44.7732 7.0393 -1
YP.CT31 44.7982 7.0814 -1
YP.CT32 44.8091 7.1301 -1
YP.CT33 44.825 7.201 -1
YP.CT34 44.8275 7.2581 -1
YP.CT35 44.9214 7.3329 -1
YP.CT36 44.9894 7.3947 -1
YP.CT37 45.035 7.4967 50.0
YP.CT38 45.0186 7.7484 28.57142857142857
YP.CT39 45.0723 7.7928 -1
YP.CT40 45.0693 7.917 25.0
YP.CT41 45.0866 8.0426 -1
YP.CT42 45.099 8.1729 -1
YP.CT43 45.0922 8.3173 -1
YP.CT44 45.0657 8.4265 60.0
YP.CT45 45.0441 8.5425 66.66666666666666
YP.CT46 44.989 8.6687 -1
YP.CT47 43.9285 5.1865 -1
YP.CT49 44.1803 6.6246 -1
YP.CT50 44.562 7.32008 -1
YP.CT51 44.7135 5.4318 -1
YP.CT52 45.0359 6.4 37.5
YP.CT53 45.2215 6.79001 -1
YP.CT54 45.3604 7.3447 -1
YP.CT55 45.5002 7.9002 -1
YP.CT56 45.5781 8.5137 -1