7.058174519729704 46.4031760651287 
7.059142151055446 46.40374045773221 
7.0601097933287305 46.404304849574146 
7.061077446550082 46.40486924065431 
9.60495065317082 47.35899070586258 
9.605809372730262 47.35948008557054 
9.60667581606804 47.35997386075399 
9.607577298753203 47.3604875975869 
8.124732204102914 47.29506417832627 
8.125738612659038 47.295639109627935 
8.12674503344073 47.2962140398986 
8.127751466448615 47.29678896913807 
9.236981014287814 47.81705883665899 
9.238014435697467 47.817641471821794 
9.239047870329944 47.81822410568652 
9.240081318185908 47.81880673825296 
7.3459948198095 47.45965632085121 
7.347001870626685 47.46022951949493 
7.348008933549965 47.4608027172361 
7.349016008579945 47.4613759140745 
9.993223442553603 46.84613924906051 
9.994012475529198 46.846594375274826 
9.994801536243495 46.847049512216266 
9.995590624697785 46.84750465988492 
8.128682985161548 47.503053537953896 
8.129696860415772 47.503629891436645 
8.13071074811458 47.50420624386762 
8.131724648258604 47.504782595246624 
9.222893502262359 46.88989499517875 
9.223677367681248 46.890346896536165 
9.22446144297337 46.89079891381553 
9.225245680112424 46.891251019326305 
9.020239650844143 47.47877863480496 
9.02125889813906 47.479358083527 
9.022278158194634 47.479937531030444 
9.023297431011487 47.480516977315055 
6.586302186334799 47.003246284160994 
6.587287728634591 47.00381320011201 
6.5882732822945815 47.00438011533638 
6.589258847315373 47.004947029833964 
8.609421396278998 47.83056493871022 
8.610450682973566 47.831145343375134 
8.61147998265533 47.831725746863086 
8.612509295324957 47.832306149173874 
7.940904562244993 46.280141896666755 
7.941676577976433 46.28059353965404 
7.942447479976146 46.281044526393686 
7.943217268663117 46.28149485715102 
7.715734556470908 46.46806732941467 
7.716226962137597 46.46871126788869 
7.716718642568885 46.46935424487759 
7.717222598424585 46.470013260994634 
7.279973558493142 47.44464238123044 
7.280979639858853 47.44521523560957 
7.281985733290812 47.44578808909961 
7.282991838789591 47.44636094170032 
8.964204894092079 47.96124759134957 
8.96524166962767 47.961830221160795 
8.966278458439355 47.96241284971151 
8.96731526052777 47.96299547700146 
9.492023949797533 47.11305262894038 
9.492952202365098 47.113584825925464 
9.493861997504414 47.11410643383358 
9.494753465005306 47.11461752748835 
8.36966870860008 47.65286529645016 
8.370689655456816 47.65344353755624 
8.371710615009821 47.65402177755014 
8.372731587259729 47.65460001643162 
8.693546422404077 47.433395660314616 
8.694561683483505 47.433973591503936 
8.695576957148262 47.43455152154184 
8.696592243398975 47.43512945042814 
9.562340974190473 46.54877235260659 
9.563117265081718 46.549223461223136 
9.563893575556847 46.54967457617787 
9.564669926429891 46.55012570956506 
8.370015229980648 47.7785161751949 
8.371040829711998 47.77909531267678 
8.372066442277868 47.77967444903338 
8.373092067678899 47.780253584264486 
7.067033127906346 46.83621201200228 
7.068015984810098 46.83677960644428 
7.068998853083225 46.837347200088274 
7.06998173272632 46.837914792934065 
8.036296363418113 47.54169749171364 
8.037311007222788 47.54227377737191 
8.038325663478172 47.542850061991956 
8.039340332184901 47.54342634557355 
8.130839142855182 46.30472157418945 
8.131641068252618 46.30519044885009 
8.1324377973692 46.30565628027585 
8.133229338755031 46.30611907356402 
8.227547743449405 47.593199709787974 
8.228565569345209 47.59377704607385 
8.229583407819486 47.59435438128044 
8.23060125887284 47.5949317154075 
8.430720302791634 46.64308189300842 
8.431604489693754 46.64359477334147 
8.432482670388692 46.64410416354063 
8.433354857464215 46.64461007103368 
9.121002851024347 46.91178434059055 
9.121787183007623 46.9122362998524 
9.122571751898453 46.91268839057009 
9.123356557722015 46.91314061275343 
7.409329783291222 46.427497181587384 
7.410097277088754 46.427944625977304 
7.410859971456693 46.428389267837055 
7.411617889743138 46.428831120862526 
