-58.54790115356445 13.867199897766113 20000.0 6.5
-58.63999938964844 13.829999923706055 10000.0 6.5
54.59000015258789 -34.849998474121094 10000.0 5.5
-21.177600860595703 -0.6941999793052673 8550.000190734863 5.5
-169.57000732421875 52.38999938964844 20000.0 6.900000095367432
-169.3800048828125 52.220001220703125 15000.0 5.599999904632568
-169.44580078125 52.375999450683594 29000.0 6.900000095367432
-169.57809448242188 52.78110122680664 31899.999618530273 5.900000095367432
-169.42230224609375 52.20800018310547 27840.00015258789 5.699999809265137
-169.3699951171875 52.279998779296875 27000.0 5.900000095367432
-169.34579467773438 52.257198333740234 35000.0 5.900000095367432
-169.08160400390625 52.35810089111328 35000.0 5.5
-169.74729919433594 52.49769973754883 35000.0 5.599999904632568
-169.3455047607422 52.25640106201172 39580.00183105469 5.699999809265137
-77.31520080566406 8.230899810791016 12000.0 5.900000095367432
-153.3699951171875 60.0099983215332 117000.0 6.300000190734863
-153.19610595703125 59.89350128173828 119300.00305175781 6.300000190734863
-93.66400146484375 16.14080047607422 100849.9984741211 5.699999809265137
-93.5199966430664 16.200000762939453 130000.0 5.599999904632568
28.780000686645508 -2.1700000762939453 10000.0 5.5
28.897300720214844 -2.141200065612793 11000.0 5.800000190734863
28.940000534057617 -2.1700000762939453 10000.0 5.599999904632568
28.951499938964844 -2.0913000106811523 10000.0 5.5
-85.20829772949219 1.0860999822616577 10000.0 5.599999904632568
-85.27050018310547 1.0467000007629395 6869.999885559082 5.599999904632568
71.27999877929688 36.47999954223633 209000.0 5.900000095367432
71.2146987915039 36.53260040283203 224000.0 5.900000095367432
78.08999633789062 -37.06999969482422 10000.0 6.0
122.61000061035156 24.010000228881836 20000.0 5.5
122.48970031738281 23.968900680541992 17319.99969482422 5.599999904632568
-45.85169982910156 21.103900909423828 10000.0 5.5
-175.2100067138672 51.77000045776367 51000.0 5.5
-175.15769958496094 51.674400329589844 32000.0 5.699999809265137
146.6278076171875 21.95199966430664 10000.0 5.699999809265137
146.66000366210938 21.969999313354492 10000.0 5.699999809265137
51.78229904174805 13.712400436401367 10000.0 5.699999809265137
-90.0199966430664 13.399999618530273 60000.0 5.5
141.82000732421875 31.260000228881836 2000.0 5.5
141.70620727539062 31.284099578857422 10000.0 5.599999904632568
141.60000610351562 31.180599212646484 8000.0 6.0
124.63140106201172 4.4131999015808105 296000.0 5.699999809265137
-174.33819580078125 51.37099838256836 20000.0 5.5
155.68190002441406 49.36130142211914 38000.0 5.800000190734863
-94.13700103759766 14.336999893188477 5000.0 5.699999809265137
-169.53489685058594 52.0984992980957 20000.0 6.0
-109.51380157470703 24.80940055847168 10000.0 5.599999904632568
-109.62259674072266 24.913000106811523 10000.0 6.699999809265137
159.70849609375 53.298500061035156 68089.99633789062 5.5
-45.98860168457031 15.276700019836426 10000.0 6.0
-130.20840454101562 50.783199310302734 10000.0 5.699999809265137
123.79660034179688 5.264900207519531 516000.0 5.5
-66.61260223388672 -23.802799224853516 219000.0 5.900000095367432
-179.25579833984375 51.948699951171875 90819.99969482422 5.699999809265137
156.2259063720703 48.859500885009766 12000.0 6.0
159.21139526367188 55.59619903564453 285000.0 5.599999904632568
-64.48390197753906 -25.46739959716797 17000.0 5.800000190734863
120.61720275878906 13.865400314331055 106000.0 5.800000190734863
140.21229553222656 27.07430076599121 304000.0 5.699999809265137
70.32599639892578 29.637699127197266 11000.0 5.599999904632568
37.17110061645508 -45.81460189819336 10000.0 6.0
70.68470001220703 36.45899963378906 206940.00244140625 5.900000095367432
70.36759948730469 36.52439880371094 231000.0 7.5
-68.41690063476562 -23.24679946899414 111000.0 5.800000190734863
121.65609741210938 22.75480079650879 7000.0 5.5
-173.33389282226562 51.58150100708008 13000.0 5.800000190734863
119.84639739990234 16.489500045776367 37000.0 5.5
-69.42870330810547 -17.319400787353516 159860.00061035156 5.699999809265137
98.8905029296875 0.786300003528595 69000.0 5.699999809265137
94.54550170898438 6.878200054168701 8000.0 5.5
-172.9113006591797 51.50019836425781 16000.0 5.599999904632568
-172.97850036621094 51.53450012207031 20000.0 5.699999809265137
94.64800262451172 6.843100070953369 10000.0 6.599999904632568
94.53399658203125 6.984000205993652 10000.0 5.599999904632568
94.8019027709961 6.407800197601318 10000.0 5.5
-173.07460021972656 51.639400482177734 15000.0 6.5
128.87289428710938 31.000900268554688 12000.0 6.699999809265137
128.84280395507812 31.441699981689453 10000.0 5.699999809265137
-81.8218994140625 17.839799880981445 6710.000038146973 5.800000190734863
154.243896484375 48.33340072631836 34000.0 5.900000095367432
73.20379638671875 40.37620162963867 18000.0 5.599999904632568
142.6428985595703 26.35650062561035 14000.0 5.800000190734863
71.42330169677734 36.43439865112305 102000.0 5.699999809265137
-98.9115982055664 16.976200103759766 34000.0 5.599999904632568
-17.833999633789062 -0.09809999912977219 10000.0 5.5
-70.9437026977539 -10.537199974060059 606210.0219726562 7.599999904632568
-71.01840209960938 -10.059800148010254 620559.9975585938 7.599999904632568
-71.25740051269531 -9.182499885559082 602750.0 6.699999809265137
-88.94760131835938 13.09060001373291 52000.0 5.599999904632568
146.435302734375 43.38560104370117 69000.0 5.599999904632568
-64.652099609375 -23.55970001220703 11000.0 5.800000190734863
-64.58619689941406 -23.4778995513916 10000.0 5.5
67.69670104980469 -8.791000366210938 10000.0 5.5
72.77970123291016 38.21070098876953 22000.0 7.199999809265137
74.60530090332031 41.7307014465332 21530.000686645508 5.5
-90.8905029296875 14.21969985961914 84000.0 5.699999809265137
-93.63300323486328 15.80150032043457 85000.0 6.599999904632568
107.02249908447266 -8.368399620056152 27000.0 5.699999809265137
117.63590240478516 3.6454999446868896 14000.0 6.099999904632568
71.12629699707031 36.493499755859375 206000.0 6.300000190734863
-61.345401763916016 14.657099723815918 150000.0 5.599999904632568
-86.62049865722656 11.153499603271484 20000.0 5.800000190734863
129.9405975341797 44.80690002441406 585469.970703125 5.800000190734863
93.65049743652344 24.803600311279297 55000.0 6.699999809265137
132.73370361328125 30.61319923400879 4710.000038146973 5.800000190734863
143.6107940673828 22.0669002532959 158000.0 5.699999809265137
141.08670043945312 44.47610092163086 238809.99755859375 6.199999809265137
58.19160079956055 -31.338499069213867 10000.0 5.900000095367432
70.95030212402344 36.597900390625 239000.0 5.699999809265137
-63.328800201416016 -19.759700775146484 582559.9975585938 6.099999904632568
142.781005859375 41.9723014831543 46000.0 6.699999809265137
126.30950164794922 9.686200141906738 35000.0 5.599999904632568
121.32060241699219 22.862600326538086 27100.000381469727 5.599999904632568
101.64089965820312 37.6708984375 9000.0 5.900000095367432
-106.93370056152344 18.82390022277832 10000.0 6.599999904632568
-153.4051055908203 59.63629913330078 129000.0 7.099999904632568
-28.144699096679688 1.0247999429702759 10000.0 5.699999809265137
158.54629516601562 53.97760009765625 177000.0 7.199999809265137
123.44760131835938 25.574499130249023 196000.0 5.699999809265137
120.60140228271484 22.9375 23000.0 6.400000095367432
138.88229370117188 30.296600341796875 410000.0 5.699999809265137
-73.60449981689453 -16.44420051574707 29000.0 5.699999809265137
-32.627498626708984 4.699900150299072 10000.0 5.5
142.4073028564453 24.553300857543945 21000.0 5.599999904632568
125.33219909667969 5.275700092315674 175440.00244140625 5.5
94.32990264892578 -4.952099800109863 24000.0 7.800000190734863
94.41010284423828 -4.794000148773193 10000.0 5.599999904632568
-173.97250366210938 51.44969940185547 12710.000038146973 5.599999904632568
-173.9423065185547 51.56480026245117 19000.0 6.300000190734863
128.95669555664062 29.8887996673584 210500.0 5.5
72.4113998413086 38.02330017089844 10000.0 5.599999904632568
-129.84849548339844 49.67300033569336 10000.0 5.5
-174.14230346679688 51.51449966430664 17000.0 6.0
-88.7677001953125 11.867600440979004 10000.0 5.599999904632568
-60.701900482177734 17.996000289916992 26000.0 6.0
162.81289672851562 54.29399871826172 30000.0 6.400000095367432
66.09619903564453 27.76759910583496 10000.0 5.599999904632568
68.02529907226562 -2.6503000259399414 10000.0 5.599999904632568
-168.6553955078125 52.17499923706055 16000.0 5.800000190734863
-114.30780029296875 30.207300186157227 10000.0 5.5
-168.69290161132812 52.290000915527344 11239.999771118164 5.5
136.39010620117188 33.380699157714844 14000.0 5.900000095367432
-157.93209838867188 57.007999420166016 11399.999618530273 5.900000095367432
107.38569641113281 -8.20359992980957 29000.0 6.099999904632568
102.21099853515625 -4.148900032043457 41000.0 5.699999809265137
-96.25630187988281 16.055700302124023 25000.0 5.5
71.131103515625 36.47249984741211 212000.0 6.599999904632568
179.53939819335938 51.124298095703125 19000.0 5.599999904632568
176.6748046875 51.85449981689453 23000.0 5.599999904632568
94.86540222167969 23.09440040588379 136000.0 6.900000095367432
122.02310180664062 7.7916998863220215 17000.0 6.0
160.80360412597656 53.77000045776367 32000.0 5.800000190734863
130.70419311523438 32.78799819946289 9000.0 6.199999809265137
130.72039794921875 32.69729995727539 8000.0 6.0
-92.36699676513672 13.400799751281738 22409.99984741211 6.099999904632568
130.75430297851562 32.79059982299805 10000.0 7.0
130.80909729003906 32.92409896850586 10000.0 5.699999809265137
131.1569061279297 33.00510025024414 13220.000267028809 5.5
-79.92179870605469 0.38190001249313354 20590.00015258789 7.800000190734863
-80.46440124511719 -0.2648000121116638 15489.999771118164 5.5
-80.20130157470703 -0.38519999384880066 23950.000762939453 5.800000190734863
-80.69429779052734 -0.23440000414848328 10000.0 5.599999904632568
131.09910583496094 33.01430130004883 10460.000038146973 5.5
-80.02469635009766 0.5782999992370605 11000.0 5.599999904632568
-80.21040344238281 0.6389999985694885 14000.0 6.199999809265137
-80.03520202636719 0.7078999876976013 10000.0 6.0
-55.88669967651367 13.199999809265137 28000.0 5.599999904632568
141.62159729003906 37.801300048828125 33110.00061035156 5.900000095367432
-80.50389862060547 -0.2921000123023987 10000.0 6.0
-80.50389862060547 -0.28139999508857727 10289.999961853027 5.900000095367432
-80.252197265625 0.6128000020980835 10000.0 5.699999809265137
-93.1509017944336 14.479000091552734 16000.0 6.0
-93.08820343017578 14.517800331115723 16000.0 6.0
121.8009033203125 24.230899810791016 13000.0 5.5
-103.73629760742188 10.275199890136719 10000.0 6.599999904632568
104.62699890136719 -5.026199817657471 117000.0 5.699999809265137
147.5063018798828 43.69540023803711 61000.0 5.699999809265137
51.7682991027832 13.771900177001953 10000.0 5.5
-105.33709716796875 18.37540054321289 10000.0 5.599999904632568
-97.84159851074219 16.41069984436035 22000.0 5.800000190734863
121.98390197753906 24.69529914855957 8000.0 5.800000190734863
122.0531005859375 24.683300018310547 9000.0 5.699999809265137
66.38780212402344 30.659000396728516 10000.0 5.5
-102.7916030883789 8.559900283813477 10000.0 5.800000190734863
-103.11180114746094 8.503800392150879 10000.0 5.5
-79.78990173339844 0.4260999858379364 16000.0 6.699999809265137
-79.61599731445312 0.49470001459121704 29950.000762939453 6.900000095367432
140.08079528808594 30.956100463867188 124519.9966430664 5.5
130.1374053955078 26.992399215698242 10000.0 5.900000095367432
128.58290100097656 27.68869972229004 10000.0 5.5
122.5457992553711 25.561500549316406 246399.99389648438 6.400000095367432
154.36410522460938 47.54840087890625 18370.0008392334 5.900000095367432
-158.51429748535156 55.39789962768555 37540.000915527344 5.699999809265137
100.66539764404297 -2.0966999530792236 50000.0 6.599999904632568
-105.83380126953125 18.021699905395508 10000.0 5.800000190734863
-105.17310333251953 18.36370086669922 10000.0 6.300000190734863
-105.2031021118164 18.503599166870117 10000.0 5.5
-86.96330261230469 12.83180046081543 10000.0 6.099999904632568
-13.600299835205078 -7.458399772644043 10000.0 5.5
130.19960021972656 27.010700225830078 10000.0 5.599999904632568
130.19410705566406 26.960100173950195 5389.999866485596 5.599999904632568
-67.15260314941406 -24.146699905395508 186000.0 5.699999809265137
121.3781967163086 20.17259979248047 16000.0 5.599999904632568
-45.140201568603516 22.658199310302734 10000.0 6.099999904632568
123.37039947509766 23.694000244140625 10000.0 5.800000190734863
-35.360801696777344 53.90190124511719 10000.0 5.5
73.33879852294922 39.47930145263672 13000.0 6.400000095367432
142.22259521484375 36.99679946899414 12819.999694824219 5.699999809265137
-97.83319854736328 16.550199508666992 19000.0 5.699999809265137
73.34100341796875 39.4744987487793 13590.00015258789 5.5
-80.80750274658203 -0.40709999203681946 7099.999904632568 5.5
-79.63580322265625 0.5874000191688538 17000.0 5.900000095367432
-79.63800048828125 0.5812000036239624 21000.0 6.300000190734863
-35.224098205566406 35.20830154418945 16010.000228881836 5.5
146.92120361328125 47.69810104370117 408000.0 5.800000190734863
101.21749877929688 -6.7596001625061035 9000.0 5.5
-103.52510070800781 14.889900207519531 10000.0 5.5
-156.45680236816406 58.4734001159668 203600.00610351562 5.599999904632568
-28.970199584960938 0.9150000214576721 10000.0 5.699999809265137
-18.64310073852539 -0.2711000144481659 10000.0 5.900000095367432
82.55650329589844 -23.964599609375 10000.0 5.599999904632568
-66.00779724121094 -22.334299087524414 270000.0 6.199999809265137
142.01400756835938 24.944700241088867 510000.0 6.300000190734863
82.43399810791016 -23.923500061035156 10000.0 5.5
142.27490234375 50.469600677490234 11000.0 5.699999809265137
179.502197265625 51.543701171875 65000.0 5.599999904632568
-72.00920104980469 -15.654199600219727 20000.0 5.5
141.72030639648438 37.4114990234375 33000.0 5.599999904632568
143.67959594726562 40.39419937133789 10000.0 6.0
143.7281036376953 40.313499450683594 11000.0 5.800000190734863
139.13560485839844 29.881399154663086 391000.0 5.599999904632568
94.56900024414062 20.922800064086914 82000.0 6.800000190734863
100.17749786376953 -2.9096999168395996 19000.0 5.599999904632568
137.85369873046875 30.614099502563477 456000.0 5.900000095367432
-17.82550048828125 -0.04560000076889992 10000.0 7.099999904632568
98.614501953125 0.5533000230789185 35000.0 5.5
-125.68766784667969 40.32083511352539 28569.99969482422 5.639999866485596
-96.9291000366211 36.42509841918945 5557.000160217285 5.800000190734863
125.88739776611328 8.398900032043457 16000.0 5.800000190734863
168.54150390625 54.41529846191406 8000.0 6.099999904632568
-76.95359802246094 -5.572999954223633 121000.0 6.099999904632568
31.618099212646484 -1.0355000495910645 40000.0 5.900000095367432
-76.1686019897461 7.373600006103516 18000.0 6.0
-86.64230346679688 12.4399995803833 10000.0 5.699999809265137
60.91579818725586 -29.155099868774414 10000.0 5.5
102.75370025634766 -4.434599876403809 59049.99923706055 5.5
142.0478057861328 30.501699447631836 9000.0 6.099999904632568
33.41120147705078 -21.552499771118164 10000.0 5.599999904632568
141.6367950439453 34.46189880371094 10000.0 6.199999809265137
126.4917984008789 6.571700096130371 65000.0 6.300000190734863
128.5780029296875 27.464599609375 38000.0 5.699999809265137
-86.51460266113281 12.441699981689453 7559.999942779541 5.5
141.94419860839844 27.851900100708008 35000.0 5.699999809265137
-34.33359909057617 7.1427001953125 10000.0 5.5
121.43599700927734 22.62579917907715 14000.0 5.800000190734863
94.87680053710938 32.89590072631836 35000.0 5.900000095367432
-61.506500244140625 15.222999572753906 146000.0 5.599999904632568
108.1626968383789 -4.862599849700928 614000.0 6.599999904632568
-44.87770080566406 13.311800003051758 10000.0 5.599999904632568
143.7548065185547 22.243200302124023 104459.99908447266 5.599999904632568
133.8092041015625 35.374298095703125 5630.000114440918 6.199999809265137
148.10350036621094 44.050498962402344 29000.0 5.900000095367432
-104.57140350341797 18.90169906616211 12000.0 5.599999904632568
-15.591099739074707 -1.5055999755859375 10000.0 5.599999904632568
-163.26499938964844 53.58549880981445 13890.000343322754 5.900000095367432
-74.49510192871094 3.4465999603271484 33000.0 5.599999904632568
104.84010314941406 -8.109999656677246 33000.0 5.800000190734863
141.5657958984375 38.49729919433594 42400.001525878906 6.099999904632568
-82.5905990600586 6.114200115203857 10000.0 5.599999904632568
178.84019470214844 51.07350158691406 34259.9983215332 5.599999904632568
141.38699340820312 37.39310073852539 9000.0 6.900000095367432
140.02499389648438 27.17729949951172 481000.0 5.800000190734863
141.32090759277344 37.214298248291016 9000.0 5.900000095367432
-88.89679718017578 11.909700393676758 10000.0 6.900000095367432
164.7541046142578 55.204898834228516 35000.0 5.5
160.55360412597656 54.463199615478516 87860.00061035156 5.599999904632568
73.97760009765625 39.27320098876953 17000.0 6.599999904632568
-127.02230072021484 43.36690139770508 29850.000381469727 5.5
54.02190017700195 -35.20209884643555 10000.0 5.5
-70.8270034790039 -15.312199592590332 12000.0 6.199999809265137
174.1697998046875 52.25320053100586 28420.000076293945 5.900000095367432
-60.9005012512207 11.031599998474121 31750.0 5.900000095367432
96.16780090332031 5.283400058746338 13000.0 6.5
86.34510040283203 43.822898864746094 17549.999237060547 6.0
-126.193603515625 40.45349884033203 8449.999809265137 6.599999904632568
144.40370178222656 21.28969955444336 22370.0008392334 6.0
144.21749877929688 21.369699478149414 10000.0 5.5
-90.87030029296875 14.088899612426758 70610.00061035156 5.5
-70.96980285644531 -9.973799705505371 612000.0 6.400000095367432
84.95829772949219 37.14419937133789 10000.0 5.599999904632568
145.40809631347656 21.5137996673584 8000.0 5.900000095367432
-118.8989028930664 38.3754997253418 11300.000190734863 5.599999904632568
-118.89720153808594 38.39039993286133 12199.999809265137 5.599999904632568
-118.89569854736328 38.37770080566406 8800.000190734863 5.5
140.4420928955078 36.86040115356445 7000.0 5.900000095367432
51.92879867553711 -36.0364990234375 10000.0 5.699999809265137
-76.36750030517578 -4.894999980926514 106000.0 5.900000095367432
92.0177001953125 24.015100479125977 32000.0 5.699999809265137
-67.79499816894531 -22.31760025024414 172000.0 5.800000190734863
-92.41560363769531 74.38590240478516 31000.0 6.0
122.61710357666016 4.4781999588012695 627169.9829101562 7.300000190734863
46.64690017700195 -20.15999984741211 7260.000228881836 5.5
102.7239990234375 -5.266900062561035 22950.000762939453 5.5
98.46959686279297 3.316800117492676 6000.0 5.599999904632568
-76.59400177001953 19.8528995513916 11000.0 5.800000190734863
-79.6769027709961 0.7020000219345093 10000.0 5.5
-60.52539825439453 15.070099830627441 44000.0 5.800000190734863
-74.67150115966797 3.4493000507354736 37950.00076293945 5.5
63.264400482177734 25.191200256347656 29069.99969482422 6.300000190734863
125.45159912109375 9.907099723815918 15000.0 6.5
-66.6592025756836 -23.861299514770508 222000.0 6.400000095367432
-63.904701232910156 -19.281400680541992 595979.98046875 6.5
30.030500411987305 -8.440400123596191 30000.0 5.900000095367432
141.33470153808594 37.56660079956055 47000.0 5.699999809265137
-152.65460205078125 59.57849884033203 78000.0 5.5
125.49610137939453 9.831100463867188 10510.000228881836 5.699999809265137
102.18730163574219 -6.261499881744385 10000.0 5.5
141.90220642089844 41.51490020751953 56000.0 5.699999809265137
92.30439758300781 6.145699977874756 10000.0 6.0
179.0760040283203 51.07889938354492 19000.0 5.599999904632568
172.2615966796875 52.75859832763672 20000.0 6.199999809265137
162.78610229492188 56.940101623535156 17000.0 6.599999904632568
-110.02369689941406 25.71269989013672 17000.0 5.699999809265137
-32.31869888305664 52.67409896850586 10000.0 5.5
25.155799865722656 -22.67840003967285 29000.0 6.5
-176.377197265625 51.186500549316406 17000.0 5.599999904632568
60.43629837036133 35.7755012512207 13000.0 6.099999904632568
120.93049621582031 13.704899787902832 10220.000267028809 5.5
120.9354019165039 13.770099639892578 14260.000228881836 5.900000095367432
125.36199951171875 13.04259967803955 10000.0 5.699999809265137
124.81189727783203 7.676599979400635 8279.999732971191 5.800000190734863
124.86229705810547 7.722799777984619 10000.0 5.5
-67.72250366210938 -23.265300750732422 155000.0 6.300000190734863
83.1718978881836 -7.372499942779541 10000.0 5.599999904632568
-61.14229965209961 17.449800491333008 16000.0 5.599999904632568
-75.30349731445312 -2.7118000984191895 14000.0 5.900000095367432
178.6345977783203 51.208099365234375 19000.0 5.699999809265137
125.06580352783203 5.504300117492676 26000.0 6.900000095367432
131.41470336914062 30.815000534057617 31000.0 5.699999809265137
-136.71139526367188 59.820899963378906 10000.0 6.199999809265137
-136.70419311523438 59.829498291015625 2529.9999713897705 6.300000190734863
-136.6291961669922 59.777198791503906 4090.0001525878906 5.599999904632568
-136.68179321289062 59.76890182495117 10000.0 5.699999809265137
-13.937800407409668 -11.711899757385254 10000.0 5.900000095367432
71.44380187988281 39.493900299072266 11000.0 6.0
71.42230224609375 39.47890090942383 10000.0 5.800000190734863
-177.0115966796875 51.02510070800781 17000.0 5.699999809265137
-176.98680114746094 51.04499816894531 17000.0 5.900000095367432
-178.58749389648438 51.73440170288086 13000.0 6.199999809265137
126.31739807128906 24.450000762939453 10000.0 6.0
-177.0438995361328 51.03310012817383 16000.0 5.5
-178.48049926757812 51.76070022583008 11000.0 5.800000190734863
-90.06109619140625 12.918700218200684 16000.0 6.199999809265137
57.2057991027832 37.7692985534668 8000.0 5.599999904632568
-68.71099853515625 -20.828699111938477 116000.0 5.699999809265137
130.04420471191406 27.225400924682617 10000.0 5.5
123.95369720458984 9.381799697875977 533000.0 6.0
-105.32279968261719 17.489299774169922 10000.0 5.699999809265137
-94.08799743652344 17.05139923095703 144000.0 5.699999809265137
147.7194061279297 43.92380142211914 54000.0 5.5
-166.6658935546875 52.321998596191406 10000.0 5.900000095367432
-160.9873046875 53.65370178222656 16000.0 5.699999809265137
170.9196014404297 54.03120040893555 5000.0 6.800000190734863
-80.3582992553711 -4.072000026702881 49000.0 5.599999904632568
-93.01470184326172 14.318400382995605 10000.0 5.5
106.25900268554688 -8.320599555969238 7000.0 5.699999809265137
-93.2645034790039 14.154600143432617 10000.0 5.5
-92.00920104980469 14.909099578857422 93000.0 6.900000095367432
-97.17559814453125 15.323399543762207 14029.999732971191 5.5
-86.6552963256836 11.301799774169922 40000.0 5.5
-90.9718017578125 13.717399597167969 38119.998931884766 6.800000190734863
34.48820114135742 -19.450000762939453 27000.0 5.599999904632568
-73.385498046875 -15.41409969329834 97000.0 5.699999809265137
66.16999816894531 -9.540399551391602 10000.0 5.599999904632568
147.87460327148438 43.79800033569336 61000.0 5.5
-38.544498443603516 33.74129867553711 10000.0 5.900000095367432
-80.4926986694336 -0.2849000096321106 13000.0 6.0
-112.57530212402344 46.881099700927734 12180.000305175781 5.800000190734863
124.62860107421875 11.126899719238281 9000.0 6.5
124.78399658203125 10.989299774169922 7099.999904632568 5.800000190734863
131.6636962890625 40.855098724365234 545000.0 5.900000095367432
168.64840698242188 54.5802001953125 9000.0 6.300000190734863
168.85699462890625 54.44340133666992 10000.0 7.699999809265137
-73.63569641113281 -16.416099548339844 43680.00030517578 6.400000095367432
66.48359680175781 -17.4153995513916 10000.0 6.0
141.58590698242188 37.41699981689453 31000.0 5.800000190734863
120.20359802246094 0.30959999561309814 67000.0 5.5
143.48779296875 40.038700103759766 10000.0 5.599999904632568
130.18359375 26.897499084472656 12000.0 6.0
-49.32590103149414 13.395999908447266 10000.0 6.0
169.3011016845703 54.30289840698242 10000.0 5.5
151.07730102539062 46.1244010925293 86000.0 5.699999809265137
125.41500091552734 6.114699840545654 76000.0 5.800000190734863
103.8552017211914 33.19260025024414 9000.0 6.5
82.83170318603516 44.30229949951172 20000.0 6.300000190734863
-169.0496063232422 52.40230178833008 29000.0 5.5
-169.14089965820312 52.47079849243164 29000.0 5.5
-13.600099563598633 -25.009199142456055 10000.0 5.5
120.73909759521484 14.006500244140625 172000.0 6.199999809265137
-73.47440338134766 -16.298599243164062 41000.0 5.599999904632568
101.622802734375 -3.768199920654297 31000.0 6.400000095367432
-74.56620025634766 -10.721400260925293 32000.0 5.800000190734863
127.90070343017578 28.6737003326416 198000.0 5.699999809265137
-13.660499572753906 -1.1119999885559082 35000.0 6.599999904632568
99.68810272216797 -1.159000039100647 43139.99938964844 6.300000190734863
-153.65150451660156 58.45009994506836 62900.001525878906 5.5
-34.07109832763672 57.05799865722656 10000.0 5.5
129.02999877929688 41.332401275634766 0.0 6.300000190734863
139.80409240722656 27.782899856567383 451000.0 6.099999904632568
-93.89929962158203 15.022199630737305 47389.99938964844 8.199999809265137
-94.2970962524414 15.179300308227539 36250.0 5.699999809265137
-94.06089782714844 15.081000328063965 29000.0 5.5
-94.53230285644531 15.397299766540527 29000.0 5.800000190734863
142.89320373535156 41.78129959106445 45000.0 5.5
-33.65230178833008 57.132198333740234 10000.0 5.699999809265137
142.33729553222656 23.952899932861328 35000.0 5.699999809265137
-94.01390075683594 14.907400131225586 27000.0 5.5
-95.13839721679688 16.089500427246094 35000.0 5.599999904632568
-12.696200370788574 -18.545799255371094 10000.0 5.5
-94.56659698486328 15.257699966430664 10000.0 5.599999904632568
-94.14340209960938 15.104999542236328 29729.999542236328 5.5
-98.48870086669922 18.54990005493164 48000.0 7.099999904632568
144.66009521484375 37.98139953613281 11000.0 6.099999904632568
113.02400207519531 -6.111299991607666 588000.0 5.699999809265137
-108.83100128173828 23.548200607299805 10000.0 5.599999904632568
-126.83260345458984 40.410499572753906 12680.000305175781 5.699999809265137
-94.42870330810547 15.489700317382812 53840.00015258789 5.800000190734863
-95.07779693603516 16.62579917907715 10000.0 6.099999904632568
124.7427978515625 7.561800003051758 8180.000305175781 5.699999809265137
-94.17019653320312 15.31350040435791 47439.998626708984 5.800000190734863
142.3424072265625 40.334999084472656 37000.0 5.800000190734863
140.5323944091797 28.794099807739258 10000.0 5.5
-49.33219909667969 13.458700180053711 10000.0 5.699999809265137
-68.51719665527344 -22.37929916381836 110180.00030517578 5.5
-25.508899688720703 0.9559000134468079 10000.0 5.5
144.0200958251953 37.503299713134766 9000.0 6.199999809265137
141.0771026611328 37.09590148925781 44000.0 5.599999904632568
-15.552200317382812 -35.310298919677734 10000.0 5.599999904632568
176.76910400390625 52.390899658203125 119000.0 6.5
-69.75260162353516 -18.571500778198242 85000.0 6.300000190734863
-94.8656005859375 16.22760009765625 56000.0 5.5
131.21080017089844 28.318300247192383 14000.0 5.900000095367432
54.1515007019043 86.87519836425781 10000.0 5.800000190734863
53.210899353027344 86.89720153808594 10000.0 5.800000190734863
55.200199127197266 86.92289733886719 10000.0 5.900000095367432
-106.56430053710938 18.659700393676758 10000.0 5.699999809265137
-61.17839813232422 11.671899795532227 47220.001220703125 5.5
141.43800354003906 32.52080154418945 12000.0 6.0
-14.1141996383667 -11.742400169372559 10000.0 6.099999904632568
45.95920181274414 34.9109001159668 19000.0 7.300000190734863
144.93080139160156 37.935298919677734 10199.999809265137 5.900000095367432
-84.48650360107422 9.514699935913086 19360.000610351562 6.5
129.27999877929688 36.07350158691406 10000.0 5.5
140.54989624023438 32.220298767089844 59000.0 5.800000190734863
94.98380279541016 29.83329963684082 8000.0 6.400000095367432
-79.70700073242188 -2.9656999111175537 35000.0 5.5
130.3582000732422 27.138099670410156 11000.0 5.5
3.274600028991699 72.59929656982422 10000.0 5.5
-13.864299774169922 -25.643199920654297 10000.0 5.5
-76.1594009399414 -14.409500122070312 16870.0008392334 5.699999809265137
146.3011932373047 45.20180130004883 9609.999656677246 5.5
-23.432300567626953 -1.080199956893921 10000.0 6.5
57.30699920654297 30.746400833129883 9000.0 6.099999904632568
-80.31009674072266 -0.4699999988079071 17000.0 6.099999904632568
-71.05909729003906 -19.70829963684082 12000.0 5.5
57.27949905395508 30.737199783325195 12000.0 6.0
57.29819869995117 30.827499389648438 8000.0 6.0
108.17430114746094 -7.492099761962891 90000.0 6.5
132.07789611816406 30.615400314331055 10000.0 5.5
142.6475067138672 29.289899826049805 10000.0 5.800000190734863
160.60389709472656 53.85919952392578 47290.000915527344 5.5
74.00479888916016 -27.88479995727539 10000.0 5.5
140.52049255371094 29.637399673461914 9460.000038146973 5.5
94.90550231933594 24.73819923400879 33000.0 5.599999904632568
-90.82240295410156 1.6755000352859497 10000.0 5.800000190734863
-83.5199966430664 17.482500076293945 19000.0 7.5
45.723899841308594 33.71310043334961 10000.0 5.5
96.07170104980469 18.37190055847168 9000.0 6.0
-74.70919799804688 -15.767499923706055 39000.0 7.099999904632568
-86.3469009399414 10.928299903869629 22000.0 5.800000190734863
153.0124053955078 52.516700744628906 466200.01220703125 5.800000190734863
-111.07849884033203 26.686199188232422 10000.0 6.300000190734863
-69.44450378417969 -18.880599975585938 116000.0 6.300000190734863
105.96320343017578 -7.092400074005127 48189.998626708984 5.900000095367432
-149.16580200195312 56.00389862060547 14060.0004196167 7.900000095367432
-149.147705078125 56.481201171875 32650.001525878906 5.5
-12.543399810791016 -5.777400016784668 10000.0 5.599999904632568
-148.5352020263672 56.54600143432617 10000.0 5.5
142.4322967529297 41.10340118408203 31000.0 6.300000190734863
91.7665023803711 8.252699851989746 10000.0 5.800000190734863
166.44970703125 55.542301177978516 11149.999618530273 6.199999809265137
-126.33319854736328 40.45560073852539 8880.000114440918 5.800000190734863
-79.67639923095703 7.282700061798096 9800.000190734863 5.699999809265137
-127.46849822998047 43.551700592041016 10000.0 5.5
-74.6095962524414 -15.849699974060059 34000.0 5.5
70.85070037841797 36.526100158691406 193729.99572753906 6.199999809265137
-79.6427001953125 7.240099906921387 7000.0 5.599999904632568
-6.456200122833252 82.9854965209961 10000.0 5.5
121.70780181884766 24.15719985961914 12000.0 6.099999904632568
121.76409912109375 24.125600814819336 9140.000343322754 5.5
121.65859985351562 24.133800506591797 17000.0 6.400000095367432
121.73860168457031 24.07390022277832 15000.0 5.699999809265137
2.9410998821258545 79.76370239257812 10000.0 5.699999809265137
-179.38389587402344 52.59170150756836 211449.9969482422 5.699999809265137
-104.6521987915039 18.931100845336914 13000.0 5.800000190734863
-17.841100692749023 -0.06840000301599503 10000.0 5.599999904632568
-97.97869873046875 16.385499954223633 22000.0 7.199999809265137
-97.86650085449219 16.15570068359375 3480.0000190734863 5.800000190734863
-97.73139953613281 16.28569984436035 22000.0 5.900000095367432
141.73289489746094 37.5968017578125 30569.99969482422 5.599999904632568
152.38169860839844 45.76570129394531 32000.0 5.800000190734863
35.42689895629883 -16.760000228881836 17000.0 5.5
-15.209500312805176 -1.4234999418258667 10000.0 5.900000095367432
-13.508999824523926 -47.67890167236328 10000.0 5.699999809265137
-44.569400787353516 12.652899742126465 10000.0 5.599999904632568
-63.36970138549805 -26.792600631713867 577239.990234375 5.599999904632568
140.69009399414062 32.59159851074219 50000.0 5.699999809265137
69.97789764404297 38.71609878540039 5000.0 5.699999809265137
-63.00579833984375 -20.65880012512207 559000.0 6.800000190734863
-88.68209838867188 13.108599662780762 50000.0 5.900000095367432
126.77850341796875 6.832499980926514 34000.0 6.0
-70.58550262451172 -20.381000518798828 44000.0 5.5
132.55279541015625 35.2588005065918 10340.00015258789 5.699999809265137
-95.01170349121094 15.682299613952637 25600.000381469727 5.5
51.610599517822266 28.329099655151367 10000.0 5.5
42.18769836425781 -42.779701232910156 10000.0 6.0
-87.74659729003906 12.492799758911133 47279.998779296875 5.599999904632568
145.7259063720703 43.348201751708984 83000.0 5.5
46.11949920654297 -39.26470184326172 10000.0 5.900000095367432
123.91919708251953 14.570799827575684 18000.0 6.099999904632568
-148.431396484375 56.29560089111328 6000.0 5.5
71.3822021484375 36.99420166015625 116000.0 6.199999809265137
125.63719940185547 10.172300338745117 29000.0 5.699999809265137
123.76200103759766 6.869800090789795 535000.0 5.900000095367432
45.58100128173828 -12.776300430297852 17000.0 5.900000095367432
145.58599853515625 42.684600830078125 30000.0 5.699999809265137
45.65359878540039 -12.849499702453613 10000.0 5.5
161.85350036621094 55.29180145263672 30000.0 5.5
-36.23759841918945 7.440700054168701 10000.0 5.699999809265137
-29.540000915527344 0.8173999786376953 10000.0 5.599999904632568
-163.6634979248047 53.417701721191406 16629.9991607666 5.5
98.58760070800781 -2.0195999145507812 9000.0 5.900000095367432
98.68679809570312 -1.9469000101089478 10000.0 5.599999904632568
98.64109802246094 -1.930899977684021 19000.0 5.5
-26.126399993896484 0.8540999889373779 10000.0 5.5
135.63890075683594 34.82460021972656 10340.00015258789 5.5
-90.71540069580078 14.132499694824219 99169.99816894531 5.699999809265137
-67.05049896240234 -24.267000198364258 189000.0 5.599999904632568
-31.302000045776367 3.1335999965667725 10000.0 5.5
-90.87950134277344 -0.6503000259399414 10000.0 5.5
-105.11900329589844 19.022199630737305 15000.0 5.900000095367432
144.95419311523438 46.96329879760742 392589.9963378906 5.599999904632568
125.1333999633789 5.895899772644043 97000.0 5.699999809265137
157.84039306640625 51.4994010925293 45000.0 6.099999904632568
140.64239501953125 35.1072998046875 40000.0 5.900000095367432
58.34560012817383 -31.598600387573242 10000.0 5.599999904632568
58.15190124511719 -31.59239959716797 10000.0 5.599999904632568
51.73649978637695 14.0625 10000.0 6.0
51.635398864746094 14.148099899291992 10000.0 5.5
51.71699905395508 13.848400115966797 10000.0 6.0
-160.76730346679688 54.422298431396484 29649.999618530273 5.599999904632568
-97.7157974243164 17.931800842285156 48459.999084472656 5.800000190734863
-160.79750061035156 54.44300079345703 21389.999389648438 5.800000190734863
-63.22840118408203 -28.027000427246094 579000.0 5.599999904632568
46.166099548339844 34.59090042114258 12000.0 5.800000190734863
57.45309829711914 30.431299209594727 10000.0 5.599999904632568
-19.25200080871582 -0.2994000017642975 10000.0 6.0
-126.86160278320312 41.81050109863281 10000.0 5.599999904632568
141.09669494628906 37.17879867553711 10899.999618530273 5.5
-21.995800018310547 -0.8711000084877014 10000.0 5.800000190734863
8.454899787902832 74.64579772949219 10000.0 5.699999809265137
144.05490112304688 37.88570022583008 14470.000267028809 5.5
2.4821999073028564 -33.354400634765625 10000.0 5.599999904632568
-91.23079681396484 13.573100090026855 18000.0 5.599999904632568
154.93899536132812 48.45930099487305 27000.0 6.0
-145.2998046875 69.56189727783203 2200.000047683716 6.300000190734863
-144.95179748535156 69.54930114746094 1000.0 5.5
-144.36019897460938 69.52050018310547 1700.0000476837158 6.099999904632568
-178.0261993408203 51.42340087890625 33930.00030517578 6.5
143.39520263671875 23.352399826049805 11239.999771118164 5.800000190734863
143.31869506835938 23.42259979248047 20000.0 6.300000190734863
143.32949829101562 23.478900909423828 18000.0 5.599999904632568
-83.15270233154297 8.77910041809082 15000.0 6.099999904632568
-77.25060272216797 8.802000045776367 10000.0 5.599999904632568
-62.90190124511719 10.773099899291992 146820.00732421875 7.300000190734863
-127.71659851074219 43.56370162963867 10000.0 6.199999809265137
-62.92879867553711 10.659299850463867 108000.0 5.800000190734863
-177.76040649414062 51.349998474121094 20000.0 6.300000190734863
-70.82839965820312 -11.035499572753906 630000.0 7.099999904632568
91.71150207519531 10.54069995880127 10000.0 5.5
-171.12460327148438 52.09479904174805 23000.0 5.900000095367432
-171.03289794921875 52.048099517822266 4599.999904632568 5.699999809265137
46.2421989440918 34.61109924316406 10000.0 6.0
120.84259796142578 13.557100296020508 116300.00305175781 5.5
74.55860137939453 -28.97960090637207 10000.0 5.5
139.91270446777344 27.95549964904785 435000.0 5.599999904632568
76.87830352783203 39.394100189208984 10000.0 5.5
-85.2614974975586 1.4386999607086182 10000.0 5.900000095367432
141.9293975830078 42.686100006103516 35000.0 6.599999904632568
-78.79029846191406 -2.253200054168701 110500.0 6.199999809265137
59.31990051269531 28.326099395751953 10000.0 5.599999904632568
101.5779037475586 23.332199096679688 8000.0 5.699999809265137
126.47789764404297 7.23769998550415 10000.0 6.199999809265137
129.6428985595703 26.730199813842773 9319.999694824219 5.699999809265137
129.60169982910156 26.68269920349121 10000.0 5.699999809265137
129.52789306640625 26.574199676513672 10199.999809265137 5.599999904632568
49.7765007019043 -37.813499450683594 10000.0 6.0
-95.4489974975586 2.419100046157837 10000.0 5.599999904632568
67.58879852294922 -26.493200302124023 10000.0 5.599999904632568
67.61949920654297 -26.51259994506836 10000.0 5.699999809265137
119.75489807128906 -0.017500000074505806 10000.0 5.800000190734863
119.68309783935547 0.05869999900460243 10000.0 5.699999809265137
-11.525300025939941 -5.691100120544434 10000.0 5.800000190734863
-37.70830154418945 7.660799980163574 10000.0 5.800000190734863
-73.01280212402344 20.034299850463867 24000.0 5.900000095367432
-108.93289947509766 23.6343994140625 7000.0 5.5
156.24249267578125 49.39590072631836 19000.0 6.099999904632568
156.2967987060547 49.290199279785156 20000.0 6.5
156.27999877929688 49.20000076293945 10000.0 5.5
-91.19730377197266 14.19729995727539 64330.00183105469 5.699999809265137
153.24290466308594 52.85490036010742 461000.0 6.699999809265137
-28.21929931640625 0.949999988079071 10000.0 5.5
-16.331899642944336 -43.620201110839844 10000.0 5.5
60.75210189819336 -29.535600662231445 10000.0 5.800000190734863
-129.4123992919922 49.25859832763672 10000.0 6.5
-129.28900146484375 49.334598541259766 10000.0 6.800000190734863
-129.72369384765625 49.297000885009766 10000.0 6.5
122.60269927978516 24.115299224853516 30000.0 5.800000190734863
122.6791000366211 23.991199493408203 31000.0 5.699999809265137
141.78500366210938 38.315799713134766 40000.0 5.699999809265137
145.4593963623047 44.494300842285156 10000.0 5.599999904632568
-90.36869812011719 13.034600257873535 22000.0 6.099999904632568
140.25149536132812 31.613300323486328 94000.0 5.5
-69.2656021118164 -19.582700729370117 102000.0 6.199999809265137
146.69720458984375 47.83340072631836 433000.0 6.0
123.86699676513672 7.759900093078613 600710.0219726562 6.0
145.6551971435547 44.54779815673828 9000.0 5.900000095367432
-11.2431001663208 71.6312026977539 10000.0 6.699999809265137
-16.156200408935547 -42.596500396728516 10000.0 5.5
-16.02050018310547 -42.7130012512207 10000.0 5.699999809265137
-49.87189865112305 15.565299987792969 10000.0 6.300000190734863
161.99429321289062 55.64139938354492 49000.0 6.099999904632568
-49.90700149536133 15.539899826049805 10000.0 5.5
130.0666961669922 30.420000076293945 123000.0 5.5
-153.2657928466797 59.95500183105469 143300.0030517578 5.699999809265137
-81.09310150146484 13.181699752807617 10000.0 6.0
45.744300842285156 34.36090087890625 18000.0 6.300000190734863
-81.0459976196289 13.16469955444336 10000.0 5.699999809265137
118.57849884033203 23.404300689697266 16000.0 5.699999809265137
-108.3511962890625 19.373199462890625 10000.0 5.599999904632568
-13.827500343322754 -0.9419999718666077 10000.0 5.699999809265137
-49.83689880371094 15.579700469970703 10000.0 5.5
96.99759674072266 0.22669999301433563 9869.999885559082 5.800000190734863
-149.9552001953125 61.34640121459961 46700.00076293945 7.0
-149.9571075439453 61.28219985961914 40799.99923706055 5.699999809265137
-41.8400993347168 30.55459976196289 10000.0 5.699999809265137
164.6992950439453 55.09989929199219 16559.999465942383 7.300000190734863
164.77239990234375 54.899898529052734 10000.0 5.900000095367432
164.7666015625 55.1171989440918 10000.0 5.599999904632568
164.6916961669922 54.84880065917969 10000.0 5.599999904632568
164.46170043945312 55.26359939575195 18059.999465942383 5.5
32.80289840698242 -20.642799377441406 16000.0 5.599999904632568
164.62899780273438 55.193199157714844 10000.0 5.599999904632568
164.62229919433594 55.217201232910156 10000.0 5.5
87.62000274658203 30.407899856567383 10000.0 5.800000190734863
141.69920349121094 34.0702018737793 13039.999961853027 5.599999904632568
141.64849853515625 34.064701080322266 9060.0004196167 5.5
164.17210388183594 54.607398986816406 10000.0 5.599999904632568
164.4915008544922 55.378700256347656 10000.0 6.0
102.3489990234375 -2.6772000789642334 166000.0 5.699999809265137
-161.5131072998047 54.42660140991211 31000.0 6.0
-178.11810302734375 51.33489990234375 30000.0 5.900000095367432
-71.58699798583984 -8.144000053405762 570409.9731445312 6.800000190734863
144.56910705566406 25.823299407958984 14279.999732971191 5.699999809265137
45.675201416015625 34.125301361083984 14000.0 5.599999904632568
121.95020294189453 7.866300106048584 19430.00030517578 5.5
121.96269989013672 7.869699954986572 13590.00015258789 5.5
131.03709411621094 30.592599868774414 35000.0 6.300000190734863
131.04420471191406 30.587900161743164 35000.0 6.300000190734863
94.3739013671875 7.403600215911865 88000.0 5.5
-103.2479019165039 8.401100158691406 10000.0 5.900000095367432
-76.8511962890625 -3.3043999671936035 103000.0 5.699999809265137
-94.72740173339844 15.569299697875977 10000.0 5.800000190734863
-94.73179626464844 15.594400405883789 29000.0 5.699999809265137
42.32899856567383 -43.11009979248047 13000.0 6.699999809265137
121.1488037109375 19.244199752807617 22979.999542236328 5.5
121.1355972290039 19.25279998779297 19000.0 5.5
-75.38580322265625 -14.525199890136719 57479.99954223633 5.599999904632568
142.22239685058594 40.33319854736328 48240.0016784668 5.5
142.19580078125 40.34349822998047 36889.99938964844 5.5
-75.76930236816406 2.9902000427246094 10000.0 5.599999904632568
-75.72109985351562 3.027100086212158 10000.0 5.599999904632568
-75.69280242919922 3.0903000831604004 14859.999656677246 5.5
-75.64610290527344 3.0834999084472656 13060.0004196167 5.5
-72.40910339355469 -15.506099700927734 109260.00213623047 5.5
-92.29810333251953 14.762800216674805 67930.00030517578 6.599999904632568
100.02079772949219 -2.8603999614715576 10000.0 6.099999904632568
100.09719848632812 -2.8942999839782715 10000.0 5.900000095367432
100.33670043945312 -2.7139999866485596 10000.0 5.900000095367432
70.69539642333984 36.49440002441406 211130.0048828125 5.599999904632568
-79.86180114746094 -2.4475998878479004 70000.0 5.800000190734863
98.01010131835938 -0.45320001244544983 17139.999389648438 5.599999904632568
126.52970123291016 9.831100463867188 24709.999084472656 5.900000095367432
-77.05049896240234 -2.186199903488159 145000.0 7.5
-70.15460205078125 -14.71310043334961 267000.0 7.0
146.8939971923828 41.9468994140625 18729.999542236328 5.900000095367432
-76.2229995727539 4.559500217437744 122000.0 6.099999904632568
159.9429931640625 50.49509811401367 9000.0 6.199999809265137
66.5343017578125 -9.692399978637695 8000.0 5.800000190734863
-80.81009674072266 -1.944599986076355 18000.0 6.199999809265137
94.33709716796875 7.578199863433838 10000.0 5.5
65.3656005859375 -18.205799102783203 10000.0 6.0
143.29849243164062 40.40959930419922 18000.0 6.0
121.65010070800781 24.037399291992188 20000.0 6.099999904632568
94.56050109863281 28.40730094909668 14000.0 5.900000095367432
57.22829818725586 10.864899635314941 10000.0 6.300000190734863
131.84829711914062 31.77720069885254 22000.0 6.199999809265137
92.9916000366211 13.89210033416748 29000.0 5.599999904632568
-75.26969909667969 -5.8119001388549805 122569.99969482422 8.0
-89.35459899902344 13.170299530029297 43950.00076293945 6.599999904632568
97.72229766845703 0.3779999911785126 19000.0 5.800000190734863
139.28900146484375 29.066499710083008 422000.0 6.400000095367432
121.6864013671875 22.903200149536133 10000.0 5.5
104.93299865722656 28.40180015563965 6000.0 5.800000190734863
139.4774932861328 38.638999938964844 12000.0 6.400000095367432
-82.75550079345703 8.466500282287598 33799.99923706055 6.199999809265137
-13.010199546813965 -1.7145999670028687 10000.0 5.5
104.839599609375 28.488500595092773 10000.0 5.5
-130.50050354003906 51.236900329589844 10000.0 6.199999809265137
-117.50382995605469 35.7053337097168 10500.0 6.400000095367432
-130.57440185546875 51.34410095214844 9000.0 5.599999904632568
-117.59933471679688 35.769500732421875 8000.0 7.099999904632568
49.5640983581543 31.7539005279541 19000.0 5.599999904632568
128.1533966064453 29.353300094604492 251000.0 6.099999904632568
92.80879974365234 27.706600189208984 16809.999465942383 5.5
121.97550201416016 20.843599319458008 10000.0 6.0
137.3249969482422 33.14609909057617 367000.0 6.300000190734863
141.53610229492188 37.73440170288086 38560.001373291016 6.300000190734863
-27.875499725341797 1.0390000343322754 10000.0 5.900000095367432
121.94730377197266 24.475000381469727 10000.0 5.900000095367432
70.04499816894531 36.545799255371094 222100.00610351562 5.800000190734863