13.33    45.737    37.8
13.33    45.765    38.0
13.33    45.793    38.1
13.33    45.823    38.2
13.33    45.859    38.5
13.33    45.895    38.6
13.33    45.936    38.9
13.33    45.976    39.1
13.33    46.013    39.5
13.33    46.053    39.8
13.33    46.087    39.9
13.33    46.124    40.3
13.33    46.163    40.7
13.33    46.193    41.4
13.33    46.230    42.2
13.33    46.261    42.9
13.33    46.295    43.8
13.33    46.326    44.6
13.33    46.356    45.3
13.33    46.386    46.3
13.33    46.419    47.4
13.33    46.449    48.6
13.33    46.480    49.9
13.33    46.514    51.4
13.33    46.544    52.8
13.33    46.572    54.2
13.33    46.600    55.5
13.33    46.628    57.1
13.33    46.653    58.9
13.33    46.681    61.9
13.33    46.702    64.7
13.33    46.722    66.6
13.33    46.752    68.7
13.33    46.782    69.8
13.33    46.810    70.9
13.33    46.840    71.9
13.33    46.870    72.9
13.33    46.902    73.7
13.33    47.029    58.4
13.33    47.063    54.7
13.33    47.085    52.5
13.33    47.110    50.1
13.33    47.140    47.8
13.33    47.175    46.1
13.33    47.213    44.6
13.33    47.250    43.4
13.33    47.290    42.2
13.33    47.332    41.6
13.33    47.369    41.3
13.33    47.414    41.0
13.33    47.453    40.7
13.33    47.494    40.4
13.33    47.533    40.3
13.33    47.561    40.2
13.33    47.597    40.0
13.33    47.630    39.6
13.33    47.667    38.9
13.33    47.704    38.2
13.33    47.742    37.5
13.33    47.775    36.8
13.33    47.810    36.3
13.33    47.851    35.6
13.33    47.887    35.0
13.33    47.920    34.6
13.33    47.956    34.2
13.33    47.988    33.9
13.33    48.019    33.8
13.33    48.053    33.5
13.33    48.089    33.4
13.33    48.118    33.2
13.33    48.158    33.1
13.33    48.186    32.8
13.33    48.215    32.8
13.33    48.246    32.5
13.33    48.279    32.5
13.33    48.311    32.4
13.33    48.348    32.1
13.33    48.383    32.1
13.33    48.413    32.0
13.33    48.440    31.9
13.33    48.474    31.9
13.33    48.513    31.7
13.33    48.555    31.7
13.33    48.591    31.6
13.33    48.632    31.6
13.33    48.672    31.4
13.33    48.712    31.4
13.33    48.749    31.3
13.33    48.785    31.3
13.33    48.836    31.6
13.33    48.873    31.7
13.33    48.905    32.0
13.33    48.936    32.0
13.33    48.990    32.4
13.33    49.017    33.1
13.33    49.042    33.8
13.33    49.066    34.5
13.33    49.090    35.2
13.33    49.115    35.7
13.33    49.145    36.0
13.33    49.178    36.0
13.33    49.203    35.7
13.33    49.226    35.3
13.33    49.254    34.9
13.33    49.285    34.3
13.33    49.311    33.8
13.33    49.340    33.2
13.33    49.367    32.8
13.33    49.393    32.7
13.33    49.423    32.6
13.33    49.474    32.3
13.33    49.513    32.0
13.33    49.543    31.9
13.33    49.574    31.6
13.33    49.604    31.3
13.33    49.635    31.0
13.33    49.666    30.7
13.33    49.696    30.5
13.33    49.724    30.1
13.33    49.775    29.8
13.33    49.802    29.8
13.33    49.829    29.8
13.33    49.863    29.6
13.33    49.897    29.5
13.33    49.926    29.4
13.33    49.953    29.2
13.33    49.980    29.1
13.33    50.006    28.9
13.33    50.031    28.8
13.33    50.062    28.7
13.33    50.089    28.5
13.33    50.114    28.5
13.33    50.142    28.4
13.33    50.170    28.4
13.33    50.204    28.3
13.33    50.231    28.1
13.33    50.257    28.1
13.33    50.283    28.1
13.33    50.308    28.0
13.33    50.333    27.7
13.33    50.361    27.3
13.33    50.382    26.9
13.33    50.404    26.0
13.33    50.455    26.3
13.33    50.488    26.3
13.33    50.524    26.3
13.33    50.560    26.2
13.33    50.597    26.0
13.33    50.638    26.0