-4047.53482894	14.4651203156
-4047.52996044	14.4344024658
-4047.52691762	14.4632463455
-4047.52265766	14.4363670349
-4047.52002053	14.4613666534
-4047.51636911	14.4383249283
-4047.51413767	14.4594812393
-4047.51109481	14.4402761459
-4047.50926908	14.4575881958
-4047.50683477	14.4422225952
-4047.50541476	14.4556884766
-4047.50358902	14.4441623688
-4047.50257472	14.4537820816
-4047.50135756	14.446097374
-4047.50074898	14.4518690109
-4047.5001404	14.4480257034
-4047.49993754	14.4499502182
-4036.41648384	14.498872757
-4036.41145368	14.470085144
-4036.40830982	14.4970607758
-4036.4039084	14.4718704224
-4036.40118371	14.4952526093
-4036.39741104	14.473657608
-4036.39510551	14.4934453964
-4036.3919616	14.4754457474
-4036.39007525	14.4916391373
-4036.38756012	14.4772357941
-4036.38609295	14.4898338318
-4036.38420659	14.4790277481
-4036.38315861	14.4880285263
-4036.38190103	14.4808225632
-4036.38127225	14.4862232208
-4036.38064346	14.4826192856
-4036.38043386	14.4844198227
-4025.29294654	14.5183324814
-4025.28970168	14.5428237915
-4025.28515886	14.5198984146
-4025.28234663	14.5411262512
-4025.27845276	14.5214729309
-4025.27607317	14.5394382477
-4025.27282826	14.5230560303
-4025.27088131	14.5377597809
-4025.26828537	14.5246486664
-4025.26677107	14.5360898972
-4025.26482411	14.5262508392
-4025.26374246	14.5344276428
-4025.26244449	14.5278644562
-4025.2617955	14.5327720642
-4025.26114651	14.5294885635
-4025.26093018	14.531124115
-4014.17443901	14.5703201294
-4014.17109319	14.5917730331
-4014.16640902	14.5716314316
-4014.1635093	14.5902261734
-4014.15949427	14.5729589462
-4014.15704064	14.5886964798
-4014.15369477	14.5743017197
-4014.15168724	14.587184906
-4014.14901054	14.5756607056
-4014.14744912	14.585688591
-4014.14544158	14.577038765
-4014.14432628	14.5842075348
-4014.14298792	14.5784349442
-4014.14231874	14.5827407837
-4014.14164956	14.5798501968
-4014.14142649	14.5812864304
-4003.05248433	14.636756897
-4003.04765888	14.6198177338
-4003.04467169	14.6353940964
-4003.04053556	14.6208724976
-4003.03800792	14.6340579987
-4003.03456113	14.6219491959
-4003.03249305	14.6327457428
-4003.02973561	14.623049736
-4003.02812709	14.6314573288
-4003.026059	14.6241750717
-4003.02491006	14.6301898956
-4003.02353133	14.6253271103
-4003.02284197	14.6289424896
-4003.0221526	14.6265068054
-4003.02192281	14.6277141571
-3991.9338751	14.6716003418
-3991.92890843	14.6581544876
-3991.92583381	14.6704492569
-3991.92157663	14.6589212418
-3991.91897501	14.6693305969
-3991.91542734	14.6597166061
-3991.91329873	14.6682434082
-3991.91046058	14.6605424881
-3991.90880499	14.6671867371
-3991.90667638	14.6613998413
-3991.90549381	14.6661567688
-3991.90407472	14.6622896194
-3991.90336518	14.6651525497
-3991.90265564	14.6632146835
-3991.90241913	14.6641721725
-3980.81015765	14.6812362671
-3980.80699564	14.6900997162
-3980.80261745	14.6817111969
-3980.79994189	14.6892175674
-3980.79629339	14.682220459
-3980.79410428	14.6883716583
-3980.79118546	14.6827640533
-3980.78948281	14.6875619888
-3980.78729369	14.683344841
-3980.78607751	14.6867847443
-3980.7846181	14.6839647293
-3980.78388839	14.6860380173
-3980.78315868	14.6846265793
-3980.78291544	14.6853189468
-3969.69140653	14.6849355698
-3969.68815717	14.6903219223
-3969.68365804	14.6851224899
-3969.68090857	14.6896839142
-3969.67715927	14.6853466034
-3969.67490969	14.6890888214
-3969.67191024	14.6856107712
-3969.67016055	14.688533783
-3969.66791096	14.685915947
-3969.66666118	14.6880168915
-3969.66516145	14.6862649918
-3969.66441158	14.6875333786
-3969.66366171	14.6866588593
-3969.66341176	14.6870822906
-3958.57265508	14.6668357849
-3958.56931841	14.6687641144
-3958.56469838	14.6667432785
-3958.56187503	14.6683759689
-3958.55802498	14.6666908264
-3958.55571495	14.6680345535
-3958.55263491	14.6666812897
-3958.55083821	14.6677379608
-3958.54852817	14.6667165756
-3958.54724481	14.6674823761
-3958.54570478	14.666800499
-3958.54493476	14.6672639847
-3958.54416474	14.666926384
-3958.54390807	14.6670799255
-3947.45047933	14.6252374649
-3947.44573847	14.6263828278
-3947.44284127	14.6251010895
-3947.43889053	14.6260614395
-3947.43652008	14.6250171661
-3947.43335947	14.625784874
-3947.43151578	14.6249809265
-3947.42914532	14.6255559921
-3947.42782839	14.6249885559
-3947.42624808	14.6253786087
-3947.42545793	14.6250362396
-3947.42466777	14.6252355576
-3947.42440438	14.625120163
-3936.33163994	14.5618991852
-3936.32677829	14.5662536621
-3936.32380728	14.5620250702
-3936.31975589	14.5656671524
-3936.31732505	14.5622062683
-3936.31408393	14.5651254654
-3936.31219327	14.5624380112
-3936.30976241	14.5646343231
-3936.30841194	14.5627145767
-3936.30679137	14.5641908646
-3936.30598108	14.5630331039
-3936.30517079	14.5637750626
-3936.30490069	14.5633878708
-3925.20781785	14.4906740189
-3925.20477307	14.4833812714
-3925.20062108	14.4898176193
-3925.19812988	14.4838428497
-3925.19480827	14.4890060425
-3925.19287066	14.4843559265
-3925.19037945	14.4882450104
-3925.18899544	14.4849157333
-3925.18733462	14.4875240326
-3925.18650422	14.4855175018
-3925.18567381	14.486825943
-3925.18539701	14.4861555099
-3914.08885714	14.4054365158
-3914.08573862	14.3948659897
-3914.08148607	14.404296875
-3914.07893454	14.3956327438
-3914.0755325	14.4032020569
-3914.07354796	14.3964509964
-3914.07099642	14.4021539688
-3914.06957889	14.397315979
-3914.06787786	14.4011354446
-3914.06702734	14.3982219696
-3914.06617682	14.4001379013
-3914.06589332	14.3991641998
-3902.96989614	14.3170042038
-3902.96670392	14.3028783798
-3902.96235088	14.3155622482
-3902.95973905	14.3039798737
-3902.9562566	14.3141613007
-3902.95422517	14.3051319122
-3902.95161333	14.3128023148
-3902.9501623	14.3063297272
-3902.94842107	14.3114624023
-3902.94755045	14.3075666428
-3902.94667983	14.3101387024
-3902.94638963	14.3088388443
-3891.85093486	14.2317018509
-3891.84766898	14.213722229
-3891.84321549	14.229932785
-3891.8405434	14.2151880264
-3891.83698059	14.2282018661
-3891.83490229	14.2167034149
-3891.83223017	14.2265043259
-3891.83074567	14.2182626724
-3891.82896425	14.2248163223
-3891.82807355	14.2198591232
-3891.82718284	14.2231426239
-3891.82688594	14.221487999
-3880.73197328	14.1551208496
-3880.72863378	14.1330299377
-3880.7240799	14.1530046463
-3880.72134757	14.1348867416
-3880.71770446	14.1509237289
-3880.7155793	14.1367902756
-3880.71284695	14.1488618851
-3880.71132898	14.1387357712
-3880.70950741	14.1468038559
-3880.70859663	14.1407155991
-3880.70768584	14.1447563171
-3880.70738224	14.1427249908
-3869.60959832	14.0653953552
-3869.60494411	14.0893316269
-3869.60215158	14.0676631927
-3869.59842819	14.0868797302
-3869.59625621	14.069975853
-3869.59346366	14.0844345093
-3869.59191225	14.0723276138
-3869.59005054	14.0819883347
-3869.58911969	14.0747108459
-3869.58818884	14.0795478821
-3869.58787855	14.0771198273
-3858.4905626	14.0143918991
-3858.48580811	14.0424346924
-3858.48295541	14.0170879364
-3858.4791518	14.039598465
-3858.47693302	14.0198259354
-3858.47408031	14.0367555618
-3858.47249546	14.0225992203
-3858.47059365	14.0339078903
-3858.46964274	14.0254001617
-3858.46869183	14.0310611725
-3858.46837486	14.0282230377
-3847.37152661	13.9825191498
-3847.3666719	14.0148086548
-3847.36375906	13.9856615067
-3847.35987528	14.0115737915
-3847.35760973	13.9888410568
-3847.35469688	14.0083246231
-3847.35307863	13.9920520782
-3847.35113672	14.0050640106
-3847.35016577	13.9952859879
-3847.34919482	14.0017995834
-3847.34887116	13.9985380173
-3836.24753546	14.0096960068
-3836.24456253	13.9749612808
-3836.24059862	14.0044240952
-3836.23828633	13.9786081314
-3836.23531338	14.0007543564
-3836.23366174	13.9822788239
-3836.23167977	13.9970664978
-3836.23068878	13.9859666824
-3836.2296978	13.9933681488
-3836.22936747	13.9896659851
-3825.12839881	14.0229854584
-3825.12536582	13.9856796265
-3825.12132182	14.018913269
-3825.11896282	13.9898290634
-3825.11592981	14.0148057938
-3825.1142448	13.9939947128
-3825.11222279	14.0106706619
-3825.11121178	13.9981689453
-3825.11020078	14.0065135956
-3825.10986377	14.0023441315
-3814.00926193	14.0593442917
-3814.00616891	14.0175600052
-3814.00204488	14.0548286438
-3813.99963919	14.0222587585
-3813.99654616	14.0502634048
-3813.9948278	14.0269613266
-3813.99276578	14.0456571579
-3813.99173476	14.03166008
-3813.99070375	14.041015625
-3813.99036008	14.0363473892
-3802.89012481	14.1156368256
-3802.88697181	14.0691957474
-3802.8827678	14.1106748581
-3802.88031545	14.0744800568
-3802.87716243	14.1056451797
-3802.87541075	14.0797529221
-3802.87330874	14.1005554199
-3802.87225773	14.0850048065
-3802.87120672	14.095413208
-3802.87085638	14.0902271271
-3791.77098747	14.1886367798
-3791.76777452	14.1377134323
-3791.76349057	14.183262825
-3791.7609916	14.1435813904
-3791.75777863	14.1777992249
-3791.75599365	14.1494159698
-3791.75385166	14.1722545624
-3791.75278067	14.1552085876
-3791.75170968	14.1666355133
-3791.75135268	14.1609506607
-3780.65184988	14.2730522156
-3780.64857702	14.2185134888
-3780.6442132	14.2673692703
-3780.64166763	14.2248773575
-3780.63839475	14.2615737915
-3780.63657648	14.2311830521
-3780.63439456	14.2556734085
-3780.6333036	14.2374238968
-3780.63221263	14.2496767044
-3780.63184898	14.2435903549
-3769.52937932	14.3051757812
-3769.52493567	14.3556632996
-3769.52234354	14.3118267059
-3769.51901079	14.349738121
-3769.51715926	14.3183898926
-3769.51493742	14.3436880112
-3769.51382651	14.3248653412
-3769.51271559	14.337521553
-3769.51234528	14.3312444687
-3758.4101814	14.3897600174
-3758.40565799	14.4391746521
-3758.40301932	14.3963422775
-3758.39962675	14.4334335327
-3758.39774198	14.4028100967
-3758.39548026	14.4275569916
-3758.39434939	14.4091711044
-3758.39321853	14.4215497971
-3758.39284158	14.4154195786
-3747.29098328	14.4634771347
-3747.28638015	14.508146286
-3747.28369498	14.4694900513
-3747.28024262	14.5030031204
-3747.27832464	14.4753742218
-3747.27602306	14.4977273941
-3747.27487226	14.4811429977
-3747.27372147	14.4923238754
-3747.27333787	14.4867944717
-3736.17178494	14.5178337097
-3736.16710215	14.5536422729
-3736.16437051	14.5226974487
-3736.1608584	14.5495491028
-3736.15890723	14.5274448395
-3736.15656582	14.5453462601
-3736.15539511	14.5320835114
-3736.15422441	14.5410346985
-3736.15383417	14.5366134644
-3725.05258638	14.5464191437
-3725.04782399	14.5697460175
-3725.04504592	14.5496044159
-3725.0414741	14.5670862198
-3725.03948976	14.5527153015
-3725.03710855	14.5643596649
-3725.03591794	14.5557451248
-3725.03472734	14.5615634918
-3725.03433047	14.5586938858
-3713.9333876	14.5469942093
-3713.92854566	14.555975914
-3713.92572119	14.5482025146
-3713.92208972	14.5549249649
-3713.92007223	14.5493974686
-3713.91765125	14.5538673401
-3713.91644075	14.550567627
-3713.91523026	14.5527944565
-3713.91482676	14.551697731
-3702.80926716	14.5195837021
-3702.80639632	14.5230178833
-3702.80270524	14.5199604034
-3702.80065463	14.522436142
-3702.79819391	14.5203933716
-3702.79696354	14.5219020844
-3702.79573317	14.5208692551
-3702.79532305	14.5213766098
-3691.6899885	14.4771690369
-3691.68707132	14.4869155884
-3691.68332067	14.4783172607
-3691.68123697	14.4852905273
-3691.67873653	14.4795675278
-3691.67748631	14.4837732315
-3691.67623609	14.4809036255
-3691.67581934	14.4823102951
-3680.57070965	14.4551486969
-3680.56774619	14.462064743
-3680.56393601	14.4558877945
-3680.56181924	14.4608259201
-3680.55927912	14.4567279816
-3680.55800905	14.4597024918
-3680.55673899	14.4576539993
-3680.55631563	14.458650589
-3669.45143064	14.488609314
-3669.44842091	14.4795751572
-3669.44455125	14.4872922897
-3669.44240144	14.4808292389
-3669.43982167	14.4859962463
-3669.43853178	14.4821176529
-3669.43724189	14.4847097397
-3669.43681192	14.483420372
-3658.33215144	14.6184196472
-3658.32909549	14.5775518417
-3658.3251664	14.613114357
-3658.32298358	14.5839147568
-3658.32036418	14.6076335907
-3658.31905448	14.5901136398
-3658.31774478	14.6019744873
-3658.31730821	14.5961360931
-3647.21287206	14.8866596222
-3647.20976993	14.7974443436
-3647.20578146	14.8754396439
-3647.20356564	14.8117246628
-3647.20090665	14.8637037277
-3647.19957716	14.8254957199
-3647.19824766	14.8514623642
-3647.1978045	14.8387269974
-3636.0935925	15.330824852
-3636.09044421	15.178899765
-3636.08639641	15.3121385574
-3636.08414763	15.203663826
-3636.08144909	15.2924318314
-3636.08009982	15.2274122238
-3636.07875054	15.2717323303
-3636.07830079	15.2500734329
-3624.97431275	15.9775238037
-3624.97111835	15.7536764145
-3624.96701127	15.9505748749
-3624.96472955	15.790769577
-3624.96199148	15.9219322205
-3624.96062245	15.826177597
-3624.95925341	15.8916492462
-3624.95879707	15.8597803116
-3613.85503281	16.8366336823
-3613.85179234	16.5394096375
-3613.84762602	16.8016891479
-3613.84531139	16.589515686
-3613.84253384	16.7642288208
-3613.84114506	16.6371250153
-3613.83975628	16.7243328094
-3613.83929335	16.6820659637
-3602.73246617	17.5343227386
-3602.72824067	17.855588913
-3602.72589316	17.5966625214
-3602.72307615	17.8106822968
-3602.72166765	17.6555919647
-3602.72025914	17.7624435425
-3602.71978964	17.7108898163
-3591.61313985	18.7140483856
-3591.60885521	19.0795269012
-3591.60647486	18.7862873077
-3591.60361842	19.029800415
-3591.60219021	18.8541679382
-3591.60076199	18.9757919312
-3591.60028592	18.9174118042
-3580.49381337	20.0307502747
-3580.48946965	20.4183483124
-3580.48705647	20.1091346741
-3580.48416066	20.3674468994
-3580.48271274	20.1822433472
-3580.48126483	20.3113479614
-3580.4807822	20.249753952
-3569.37448673	21.4156227112
-3569.37008399	21.7984428406
-3569.36763801	21.4953727722
-3569.36470284	21.7505970001
-3569.36323526	21.5690536499
-3569.36176767	21.6967391968
-3569.36127847	21.636297226
-3558.25515993	22.7848453522
-3558.25069821	23.134771347
-3558.24821948	22.8607692719
-3558.24524499	23.0941944122
-3558.24375774	22.9300251007
-3558.2422705	23.0469379425
-3558.24177475	22.9922142029
-3547.13583296	24.0483493805
-3547.13131233	24.3400802612
-3547.12880086	24.1155509949
-3547.12578709	24.3103370667
-3547.12428021	24.1757469177
-3547.12277332	24.2734470367
-3547.12227103	24.2285194397
-3536.01650583	25.1203212738
-3536.01192633	25.3352031708
-3536.00938216	25.1748981476
-3536.00632915	25.3186302185
-3536.00480264	25.2224407196
-3536.00327614	25.2946891785
-3536.0027673	25.2625141144
-3524.89717853	25.929889679
-3524.89254022	26.0588493347
-3524.88996337	25.9695091248
-3524.88687116	26.0561485291
-3524.88532505	26.0023803711
-3524.88377894	26.0461235046
-3524.88326357	26.0280628204
-3513.77785106	26.4303779602
-3513.77315399	26.4754104614
-3513.77054451	26.4546127319
-3513.76741313	26.485490799
-3513.76584744	26.4726734161
-3513.76428174	26.4885444641
-3513.76375984	26.484128952
-3502.65376765	26.5794658661
-3502.65112556	26.6158866882
-3502.64795505	26.5706157684
-3502.64636979	26.6208972931
-3502.64478453	26.6131496429
-3502.64425611	26.6201267242
-3491.53438119	26.3961811066
-3491.53170653	26.4712181091
-3491.52849692	26.4221477509
-3491.52689212	26.4665622711
-3491.52528732	26.442440033
-3491.52475238	26.4571056366
-3480.41499462	25.9774494171
-3480.41228741	26.0679111481
-3480.40903875	26.0044937134
-3480.40741442	26.0580883026
-3480.40579009	26.0267791748
-3480.40524865	26.0445098877
-3469.29560792	25.3943862915
-3469.2928682	25.4757328033
-3469.28958053	25.4176330566
-3469.2879367	25.4657211304
-3469.28629286	25.4370555878
-3469.28574491	25.452955246
-3458.1762211	24.7273406982
-3458.1734489	24.7769165039
-3458.17012226	24.7424755096
-3458.16845894	24.7714977264
-3458.16679562	24.7546443939
-3458.16624118	24.7641963959
-3447.05683416	24.055109024
-3447.05402952	24.054807663
-3447.05066395	24.0588741302
-3447.04898116	24.0579967499
-3447.04729837	24.060377121
-3447.04673744	24.0599689484
-3435.93744709	23.4451236725
-3435.93461004	23.3830661774
-3435.93120558	23.4355964661
-3435.92950335	23.3977088928
-3435.92780111	23.4243011475
-3435.9272337	23.4115619659
-3424.8180599	22.9462299347
-3424.81519048	22.8172588348
-3424.81174716	22.9228534698
-3424.81002551	22.8448600769
-3424.80830385	22.8979625702
-3424.80772996	22.8718624115
-3413.69867258	22.5851211548
-3413.69577082	22.3901023865
-3413.6922887	22.5484790802
-3413.69054764	22.430896759
-3413.68880657	22.5103702545
-3413.68822622	22.47108078
-3402.57928513	22.3667545319
-3402.57635106	22.1109981537
-3402.57283018	22.3181991577
-3402.57106974	22.1642055511
-3402.56930929	22.2680778503
-3402.56872248	22.2166557312
-3391.45989755	22.2784843445
-3391.45693122	21.9696273804
-3391.45337161	22.2196846008
-3391.4515918	22.0338478088
-3391.449812	22.1591377258
-3391.44921873	22.0971050262
-3380.34050984	22.2967147827
-3380.33751127	21.9425525665
-3380.33391299	22.2292118073
-3380.33211384	22.0161800385
-3380.3303147	22.1597766876
-3380.32971498	22.0886764526
-3369.221122	22.3946819305
-3369.21809123	22.0013370514
-3369.21445431	22.3195381165
-3369.21263585	22.0829563141
-3369.21081739	22.2423439026
-3369.21021123	22.1633872986
-3358.10173402	22.5496311188
-3358.0986711	22.1204128265
-3358.09499559	22.4672527313
-3358.09315783	22.209072113
-3358.09132007	22.382818222
-3358.09070748	22.2966480255
-3346.98234591	22.7480564117
-3346.97925086	22.2831096649
-3346.9755368	22.6581878662
-3346.97367977	22.3784885406
-3346.97182274	22.5663852692
-3346.97120373	22.4730243683
-3335.86295765	22.987985611
-3335.85983052	22.4848403931
-3335.85607797	22.889881134
-3335.85420169	22.5872116089
-3335.85232541	22.7900886536
-3335.85169998	22.6890487671
-3324.74356926	23.2782249451
-3324.74041009	22.7329998016
-3324.73661908	23.1709499359
-3324.73472357	22.8430271149
-3324.73282806	23.0623130798
-3324.73219622	22.9528331757
-3313.62098955	23.0438652039
-3313.61716013	23.5176410675
-3313.61524542	23.1623268127
-3313.6133307	23.3994274139
-3313.61269247	23.2807922363
-3302.50156891	23.4374217987
-3302.49770113	23.9485702515
-3302.49576723	23.5648822784
-3302.49383334	23.8205108643
-3302.49318871	23.6923999786
-3291.38214816	23.9313621521
-3291.37824207	24.4788742065
-3291.37628901	24.0678539276
-3291.37433596	24.341463089
-3291.37368495	24.2042293549
-3280.26272731	24.5356197357
-3280.25878295	25.1151657104
-3280.25681076	24.680355072
-3280.25483858	24.9698143005
-3280.25418118	24.8246707916
-3269.14330636	25.2485866547
-3269.13932377	25.8522987366
-3269.13733248	25.3999042511
-3269.13534118	25.701341629
-3269.13467742	25.5503902435
-3258.02388529	26.0556182861
-3258.01986454	26.672504425
-3258.01785416	26.2110595703
-3258.01584378	26.5190486908
-3258.01517365	26.3651504517
-3246.90446412	26.9299736023
-3246.90040525	27.5469436646
-3246.89837581	27.0864868164
-3246.89634637	27.3945522308
-3246.89566988	27.241060257
-3235.78504284	27.8357868195
-3235.78094589	28.4391345978
-3235.77889742	27.9900684357
-3235.77684894	28.2914161682
-3235.77616612	28.1417789459
-3224.66562145	28.7322349548
-3224.66148648	29.309381485
-3224.65941899	28.8811473846
-3224.65735151	29.1695232391
-3224.65666234	29.0268497467
-3213.54619995	29.5780658722
-3213.54202701	30.1193008423
-3213.53994054	29.7190647125
-3213.53785406	29.9896259308
-3213.53715857	29.8562469482
-3202.42677834	30.3355541229
-3202.42256747	30.8355178833
-3202.42046204	30.467086792
-3202.41835661	30.7171344757
-3202.41765479	30.5942764282
-3191.30735661	30.973367691
-3191.30310788	31.4320220947
-3191.30098351	31.0951347351
-3191.29885914	31.3246078491
-3191.29815102	31.2121734619
-3180.18793477	31.4680652618
-3180.18364822	31.8910102844
-3180.18150494	31.5811424255
-3180.17936166	31.7927818298
-3180.17864724	31.6892795563
-3169.06851282	31.8043842316
-3169.0641885	32.2024612427
-3169.06202634	31.9111557007
-3169.05986418	32.1103134155
-3169.05914346	32.0129699707
-3157.94909075	31.974647522
-3157.94472871	32.3628921509
-3157.9425477	32.078578949
-3157.94036668	32.2727127075
-3157.93963967	32.1777229309
-3146.82966856	31.9778137207
-3146.82526887	32.3739051819
-3146.82306902	32.0830879211
-3146.82086917	32.2809906006
-3146.82013589	32.1839065552
-3135.71024625	31.8185024261
-3135.70580895	32.2409667969
-3135.7035903	31.9295825958
-3135.70137165	32.1405105591
-3135.7006321	32.0366744995
-3124.58634897	31.9727668762
-3124.58411155	31.6275177002
-3124.58187412	31.8603210449
-3124.58112831	31.7452774048
-3113.46688893	31.5811233521
-3113.46463276	31.190580368
-3113.46237658	31.4529190063
-3113.46162452	31.3228359222
-3102.34742882	31.0811328888
-3102.34515392	30.636505127
-3102.34287903	30.9343242645
-3102.34212073	30.7862377167
-3091.22796864	30.4912776947
-3091.22567505	29.9867305756
-3091.22338146	30.3240356445
-3091.22261693	30.1559658051
-3080.1085084	29.8329925537
-3080.10619614	29.2655830383
-3080.10388389	29.6444587708
-3080.10311313	29.4553966522
-3068.98904809	29.1294746399
-3068.98671719	28.498752594
-3068.9843863	28.9196166992
-3068.98360933	28.7093925476
-3057.86958771	28.3964500427
-3057.8672382	27.7111701965
-3057.8648887	28.1731338501
-3057.86410553	27.9422397614
-3046.75012726	27.6759662628
-3046.74775917	26.9244823456
-3046.74539109	27.4257164001
-3046.74460173	27.1751117706
-3035.63066674	26.9612312317
-3035.6282801	26.1546115875
-3035.62589347	26.692653656
-3035.62509792	26.423614502
-3024.51120615	26.2672233582
-3024.50880099	25.4099617004
-3024.50639583	25.9818725586
-3024.50559411	25.6959018707
-3013.39174549	25.5934562683
-3013.38932184	24.690700531
-3013.38689819	25.2930698395
-3013.3860903	24.9918956757
-3002.27228476	24.9317111969
-3002.26984264	23.9894237518
-3002.26740053	24.6182575226
-3002.26658649	24.3038768768
-2991.15282396	24.267988205
-2991.15036341	23.2931861877
-2991.14790286	23.9437294006
-2991.14708267	23.6184959412
-2980.03336308	23.5855827332
-2980.03088413	22.5865898132
-2980.02840518	23.2531585693
-2980.02757886	22.9198665619
-2968.91390214	22.868768692
-2968.91140481	21.855348587
-2968.90890748	22.5312519073
-2968.90807504	22.1931648254
-2957.79444111	22.1063518524
-2957.79192544	21.0896549225
-2957.78940977	21.7672271729
-2957.78857122	21.4280815125
-2946.67498002	21.2943153381
-2946.67244604	20.286649704
-2946.66991205	20.9574317932
-2946.66906739	20.6213436127
-2935.55551885	20.4371128082
-2935.55296659	19.4515266418
-2935.55041432	20.1065731049
-2935.54956357	19.7779045105
-2924.43605761	19.5473423004
-2924.43348709	18.5970649719
-2924.43091658	19.2273387909
-2924.43005974	18.9105072021
-2913.31659629	18.6439342499
-2913.31400755	17.7417755127
-2913.31141882	18.3385791779
-2913.31055591	18.0378665924
-2902.19713489	17.7493305206
-2902.19452797	16.9070510864
-2902.19192105	17.4624786377
-2902.19105207	17.1818084717
-2891.07767342	16.8863277435
-2891.07504834	16.1140708923
-2891.07242326	16.6213855743
-2891.07154824	16.3641357422
-2879.95821187	16.0752716064
-2879.95556867	15.3810567856
-2879.95292547	15.8350362778
-2879.9520444	15.6038618088
-2868.83875025	15.332192421
-2868.83608895	14.7214260101
-2868.83342766	15.118678093
-2868.83254056	14.915350914
-2857.71928854	14.6681013107
-2857.71660919	14.1431818008
-2857.71392983	14.4823923111
-2857.71303672	14.3076715469
-2846.59982676	14.0894498825
-2846.59712938	13.6494550705
-2846.594432	13.9315700531
-2846.59353287	13.7850990295
-2835.4803649	13.5993213654
-2835.47764952	13.2398433685
-2835.47493415	13.4681482315
-2835.47402902	13.3484039307
-2824.36090296	13.1987905502
-2824.35816962	12.91198349
-2824.35543628	13.0920343399
-2824.35452517	12.9963474274
-2813.24144094	12.8878726959
-2813.23868967	12.6627693176
-2813.23593841	12.8021564484
-2813.23502132	12.7268190384
-2802.12197883	12.6656188965
-2802.11920967	12.4887771606
-2802.11644052	12.596663475
-2802.11551746	12.5371751785
-2791.00251665	12.529253006
-2790.99972963	12.3857240677
-2790.99694261	12.4721832275
-2790.9960136	12.4236116409
-2779.88305438	12.4726324081
-2779.88024954	12.3472032547
-2779.87744469	12.4223794937
-2779.87650974	12.3797159195
-2768.76359204	12.4846143723
-2768.7607694	12.3631496429
-2768.75794676	12.4363622665
-2768.75700588	12.3949594498
-2757.6441296	12.5480861664
-2757.64128921	12.4187860489
-2757.63844881	12.4976921082
-2757.63750202	12.4536800385
-2746.52466709	12.6403675079
-2746.52180897	12.49472332
-2746.51895085	12.584695816
-2746.51799815	12.5352926254
-2735.40520449	12.7354478836
-2735.40232869	12.5686416626
-2735.39945288	12.6725196838
-2735.39849428	12.6161689758
-2724.28574181	12.8080224991
-2724.28284835	12.6186580658
-2724.27995489	12.7369556427
-2724.2789904	12.6732339859
-2713.16627904	12.8387546539
-2713.16336797	12.6278705597
-2713.16045689	12.759469986
-2713.15948653	12.6887617111
-2702.04681619	12.8197212219
-2702.04388753	12.5892038345
-2702.04095887	12.7324542999
-2702.03998265	12.6554269791
-2690.92735325	12.7587776184
-2690.92440704	12.5094070435
-2690.92146084	12.6635093689
-2690.92047877	12.5804271698
-2679.80789023	12.681511879
-2679.80492651	12.4109964371
-2679.80196279	12.5773582458
-2679.80097488	12.4874296188
-2668.68544592	12.3312225342
-2668.68246473	12.5145187378
-2668.681471	12.4153909683
-2657.56596528	12.3177452087
-2657.56296665	12.5264930725
-2657.56196711	12.4139728546
-2646.44648459	12.421339035
-2646.44346856	12.6677856445
-2646.44246321	12.5358877182
-2635.32700385	12.6867084503
-2635.32397045	12.9859371185
-2635.32295932	12.8273220062
-2624.20752306	13.142993927
-2624.20447233	13.5113458633
-2624.20345542	13.3180789948
-2613.08804221	13.795835495
-2613.08497419	14.2488231659
-2613.08395152	14.0133924484
-2601.96856131	14.6227169037
-2601.96547604	15.1727380753
-2601.96444762	14.8891639709
-2590.84908036	15.5727787018
-2590.84597787	16.2269859314
-2590.84494371	15.8918571472
-2579.72959936	16.5715007782
-2579.72647969	17.3301639557
-2579.7254398	16.9434318542
-2568.6101183	17.5297107697
-2568.60698149	18.385345459
-2568.60593589	17.9507484436
-2557.49063719	18.3555812836
-2557.48748328	19.2930107117
-2557.48643197	18.8180427551
-2546.37115602	18.9675712585
-2546.36798505	19.9649009705
-2546.36692806	19.4603385925
-2535.2516748	19.3060626984
-2535.2484868	20.3364810944
-2535.24742414	19.8155021667
-2524.13219353	19.3417205811
-2524.12898854	20.3758411407
-2524.12792021	19.8528938293
-2513.0127122	19.0791244507
-2513.00949026	20.0875434875
-2513.00841629	19.5770969391
-2501.89323081	18.5551109314
-2501.88999197	19.510892868
-2501.88891236	19.0262374878
-2490.77374937	17.8322868347
-2490.77049366	18.7130527496
-2490.76940842	18.2653121948
-2479.65426787	16.9892139435
-2479.65099533	17.7784156799
-2479.64990449	17.3758621216
-2468.53478632	16.1086406708
-2468.53149699	16.7962093353
-2468.53040055	16.4439182281
-2457.41530471	15.266245842
-2457.41199863	15.8485412598
-2457.41089661	15.5484142303
-2446.29582304	14.5216569901
-2446.29250026	15.0008220673
-2446.29139266	14.7518930435
-2435.17634132	13.9130592346
-2435.17300187	14.2959594727
-2435.17188872	14.094912529
-2424.05685954	13.4559679031
-2424.05350346	13.752913475
-2424.05238477	13.59471035
-2412.9373777	13.145731926
-2412.93400503	13.3691692352
-2412.93288081	13.2476949692
-2401.81789581	12.9630174637
-2401.81450659	13.1263437271
-2401.81337686	13.0349884033
-2390.69841385	12.8805322647
-2390.69500814	12.9971256256
-2390.6938729	12.9292755127
-2379.57893184	12.8697605133
-2379.57550966	12.9522447586
-2379.57436893	12.9016542435
-2368.45944977	12.9061794281
-2368.45601117	12.9659023285
-2368.45486497	12.9270048141
-2357.33996764	12.9722194672
-2357.33651266	13.0189313889
-2357.335361	12.986954689
-2346.22048545	13.0576181412
-2346.21701413	13.0992689133
-2346.21585703	13.0703277588
-2335.1010032	13.1577072144
-2335.09751559	13.200293541
-2335.09635305	13.1714687347
-2323.98152089	13.2703237534
-2323.97801703	13.3177747726
-2323.97684907	13.2871694565
-2312.86203852	13.3925123215
-2312.85851845	13.4466218948
-2312.85734509	13.4133930206
-2301.74255609	13.5179204941
-2301.73901985	13.5783567429
-2301.73784111	13.5427188873
-2290.6230736	13.635725975
-2290.61952124	13.7001600266
-2290.61833712	13.6633090973
-2279.50359105	13.73138237
-2279.50002261	13.7957925797
-2279.49883313	13.7597579956
-2268.38410844	13.7890367508
-2268.38052396	13.8482055664
-2268.37932913	13.8155918121
-2257.26462576	13.7950353622
-2257.26102529	13.8432369232
-2257.25982513	13.8168821335
-2246.14514303	13.7416954041
-2246.1415266	13.7735366821
-2246.14032113	13.7560892105
-2235.02566023	13.6304197311
-2235.0220279	13.6417827606
-2235.02081713	13.6352205276
-2223.90617737	13.4734020233
-2223.90252918	13.4622993469
-2223.90131312	13.4675159454
-2212.78669444	13.2933797836
-2212.78303044	13.2606878281
-2212.78180911	13.2771310806
-2201.66721146	13.1214427948
-2201.66353168	13.0713634491
-2201.66230509	13.0968093872
-2190.54772841	12.9932203293
-2190.54403291	12.9333724976
-2190.54280107	12.9638843536
-2179.4282453	12.9441108704
-2179.42453411	12.8852081299
-2179.42329705	12.9153089523
-2168.30876212	13.0044555664
-2168.3050353	12.9595603943
-2168.30379303	12.9826107025
-2157.18927888	13.1954946518
-2157.18553647	13.1789169312
-2157.184289	13.1876716614
-2146.06979558	13.5268821716
-2146.06603762	13.5528106689
-2146.06478497	13.5401134491
-2134.95031221	13.9960756302
-2134.94653875	14.0771255493
-2134.94528093	14.0366373062
-2123.82703987	14.7355108261
-2123.8257769	14.6623935699
-2112.70754096	15.50253582
-2112.70627285	15.3940076828
-2101.58804203	16.3478965759
-2101.58676881	16.2035694122
-2090.46854309	17.2408866882
-2090.46726476	17.0628185272
-2079.34904413	18.154214859
-2079.34776071	17.9466762543
-2068.22954515	19.0665607452
-2068.22825665	18.8355236053
-2057.11004614	19.9635009766
-2057.10875259	19.7159004211
-2045.99054712	20.836807251
-2045.98924853	20.5796833038
-2034.87104808	21.6824855804
-2034.86974446	21.4221191406
-2023.75154902	22.4981613159
-2023.75024039	22.2393226624
-2012.63204994	23.2805309296
-2012.63073632	23.0259609222
-2001.51255085	24.0236034393
-2001.51123224	23.7737884521
-1990.39305173	24.7181911469
-1990.39172816	24.4714946747
-1979.27355259	25.3527812958
-1979.27222407	25.1058921814
-1968.15405343	25.9156665802
-1968.15271999	25.6642990112
-1957.03455425	26.39793396
-1957.03321589	26.1376514435
-1945.91505506	26.7964801788
-1945.9137118	26.5235385895
-1934.79555584	27.1165866852
-1934.7942077	26.8286094666
-1923.6760566	27.373128891
-1923.6747036	27.0695114136
-1912.55655734	27.5903072357
-1912.55519949	27.2722911835
-1901.43705806	27.7997570038
-1901.43569538	27.4701595306
-1890.31755876	28.037311554
-1890.31619127	27.6999282837
-1879.19805944	28.33893013
-1879.19668715	27.9977531433
-1868.0785601	28.7365036011
-1868.07718303	28.3948402405
-1856.95906074	29.2541675568
-1856.9576789	28.9138565063
-1845.83956136	29.9056587219
-1845.83817477	29.5664958954
-1834.72006196	30.6930961609
-1834.71867064	30.3525905609
-1823.60056254	31.6072540283
-1823.5991665	31.2607765198
-1812.4810631	32.62915802
-1812.47966236	32.2704620361
-1801.36156363	33.732673645
-1801.36015822	33.3547363281
-1790.24206415	34.887550354
-1790.24065407	34.4836120605
-1779.12256464	36.062538147
-1779.12114992	35.6272125244
-1768.00306511	37.2280845642
-1768.00164576	36.7583503723
-1756.88356556	38.3583679199
-1756.8821416	37.8543052673
-1745.76406599	39.4324913025
-1745.76263744	38.8976631165
-1734.6445664	40.434803009
-1734.64313327	39.8762359619
-1723.52506679	41.3545875549
-1723.5236291	40.782333374
-1712.40556716	42.1851654053
-1712.40412492	41.6115150452
-1701.2860675	42.9228019714
-1701.28462074	42.361240387
-1690.16656782	43.5655212402
-1690.16511656	43.0295600891
-1679.04706813	44.1121520996
-1679.04561237	43.6141929626
-1667.92756841	44.5617599487
-1667.92610818	44.1120567322
-1656.80806866	44.9134407043
-1656.80660398	44.5193252563
-1645.6885689	45.1667022705
-1645.68709978	44.8320846558
-1634.56906911	45.3221588135
-1634.56759558	45.0473365784
-1623.44956931	45.3825950623
-1623.44809137	45.1644248962
-1612.33006948	45.3540382385
-1612.32858716	45.1863212585
-1601.21056962	45.246673584
-1601.20908295	45.1207885742
-1590.09106975	45.0753631592
-1590.08957873	44.9810180664
-1578.97156985	44.8594398499
-1578.9700745	44.7854919434
-1567.85206993	44.6217536926
-1567.85057027	44.55701828
-1556.73256999	44.3869171143
-1556.73106604	44.3209114075
-1545.61307003	44.1789932251
-1545.61156181	44.102596283
-1534.49357004	44.0188713074
-1534.49205757	43.9247970581
-1523.37407003	43.921749115
-1523.37255332	43.804889679
-1512.25457	43.8951187134
-1512.25304907	43.7526817322
-1501.13506995	43.9376106262
-1501.13354482	43.7691040039
-1490.01556987	44.0390663147
-1490.01404056	43.846118927
-1478.89606977	44.1817054749
-1478.8945363	43.9677658081
-1467.77656965	44.3424072266
-1467.77503204	44.1123504639
-1456.6570695	44.4956893921
-1456.65552777	44.2553405762
-1445.53756933	44.6169967651
-1445.53602349	44.372631073
-1434.41806914	44.6857681274
-1434.41651921	44.4435997009
-1423.29856893	44.6878013611
-1423.29701493	44.4535636902
-1412.17906869	44.6166877747
-1412.17751065	44.3952522278
-1401.05956843	44.474067688
-1401.05800635	44.2691726685
-1389.94006814	44.2688026428
-1389.93850206	44.0829124451
-1378.82056784	44.015247345
-1378.81899776	43.849521637
-1367.7010675	43.7309570312
-1367.69949346	43.5853157043
-1356.58156715	43.434261322
-1356.57998915	43.3075523376
-1345.46206677	43.1419677734
-1345.46048484	43.0322113037
-1334.34256637	42.8676185608
-1334.34098052	42.7722473145
-1323.22306594	42.6203308105
-1323.2214762	42.5364952087
-1312.10356549	42.404460907
-1312.10197187	42.3292541504
-1300.98406502	42.2199325562
-1300.98246754	42.1505813599
-1289.86456452	42.0630722046
-1289.86296321	41.9970588684
-1278.745064	41.9278907776
-1278.74345887	41.8630332947
-1267.62556346	41.8075180054
-1267.62395453	41.7419471741
-1256.50606289	41.695640564
-1256.50445018	41.627746582
-1245.38656229	41.5877037048
-1245.38494583	41.5160522461
-1234.26706168	41.4817810059
-1234.26544147	41.4050292969
-1223.14756104	41.3789367676
-1223.14593711	41.2957649231
-1212.02806037	41.2830314636
-1212.02643275	41.1921081543
-1200.90855968	41.2000045776
-1200.90692838	41.1000061035
-1189.78905897	41.1367340088
-1189.787424	41.0264091492
-1178.66955823	41.0996284485
-1178.66791962	40.9778785706
-1167.55005746	41.0931625366
-1167.54841524	40.9591369629
-1156.43055668	41.118686676
-1156.42891085	40.9718589783
-1145.31105586	41.1737136841
-1145.30940646	41.0138931274
-1134.19155503	41.2518501282
-1134.18990206	41.0791549683
-1123.07205417	41.3435020447
-1123.07039766	41.1582489014
-1111.95255328	41.4372062683
-1111.95089326	41.2397499084
-1100.83305237	41.5214347839
-1100.83138885	41.3119506836
-1089.71355143	41.5864601135
-1089.71188443	41.3647651672
-1078.59405047	41.6260414124
-1078.59238001	41.3913955688
-1067.47454949	41.6384887695
-1067.47287559	41.3894996643
-1056.35504848	41.6269874573
-1056.35337116	41.3615493774
-1045.23554744	41.5990257263
-1045.23386673	41.3144073486
-1034.11604638	41.5652198792
-1034.11436229	41.2581977844
-1022.99654529	41.537612915
-1022.99485785	41.2047119141
-1011.87704418	41.5279998779
-1011.8753534	41.1657752991
-1000.75754305	41.5465049744
-1000.75584895	41.1518707275
-989.638041885	41.600730896
-989.636344493	41.1712875366
-978.518540698	41.6955413818
-978.516840032	41.2299156189
-967.399039485	41.8334312439
-967.397335566	41.3315925598
-956.279538248	42.0150985718
-956.277831096	41.4786682129
-945.160036984	42.2400894165
-945.158326621	41.6725540161
-934.040535696	42.5069236755
-934.038822142	41.9138565063
-922.921034381	42.81275177
-922.919317657	42.2018623352
-911.801533041	43.1523704529
-911.799813168	42.5334510803
-900.682031676	43.516872406
-900.680308675	42.9015235901
-889.562530284	43.8924064636
-889.560804176	43.2935905457
-878.443028867	44.2595291138
-878.441299673	43.6908531189
-867.323527424	44.5936050415
-867.321795165	44.068447113
-856.204025955	44.8665161133
-856.202290652	44.3969497681
-845.084524461	45.049697876
-845.082786135	44.6453971863
-833.96502294	45.1180229187
-833.963281613	44.7852706909
-822.845521393	45.053943634
-822.843777086	44.7948875427
-811.726019821	44.8510971069
-811.724272554	44.6633796692
-800.606518222	44.5164871216
-800.604768018	44.3933296204
-789.487016597	44.0707015991
-789.485263476	44.0014877319
-778.367514946	43.545791626
-778.36575893	43.5170898438
-767.248013269	42.981086731
-767.246254379	42.9780044556
-756.128511565	42.4175338745
-756.126749823	42.4251976013
-745.009009836	41.8915290833
-745.007245263	41.8964920044
-733.889508079	41.4293327332
-733.887740697	41.4207267761
-722.770006297	41.0432128906
-722.768236127	41.0133934021
-711.650504488	40.7299613953
-711.648731552	40.6746673584
-700.531002653	40.472202301
-700.529226972	40.3901138306
-689.411500791	40.2421379089
-689.409722387	40.1340560913
-678.291998902	40.0071601868
-678.290217797	39.8748893738
-667.172496987	39.736076355
-667.170713203	39.5813407898
-656.052995045	39.4048500061
-656.051208603	39.2284202576
-644.933493077	39.0007362366
-644.931703999	38.8019714355
-633.813991082	38.5239906311
-633.81219939	38.3010063171
-622.69448906	37.9869728088
-622.692694775	37.7373199463
-611.574987012	37.4108848572
-611.573190156	37.1326942444
-600.455484936	36.8209228516
-600.453685532	36.5142593384
-589.335982834	36.2409477234
-589.334180903	35.9091339111
-578.216480705	35.6887817383
-578.214676269	35.3393325806
-567.096978549	35.1731758118
-567.09517163	34.8181838989
-555.977476366	34.6930770874
-555.975666986	34.3488044739
-544.857974156	34.2392158508
-544.856162338	33.9249267578
-533.738471919	33.7977333069
-533.736657684	33.53383255
-522.618969655	33.3549346924
-522.617153025	33.1606864929
-511.499467363	32.9020843506
-511.497648361	32.79322052
-500.379965045	32.4392280579
-500.378143693	32.4258041382
-489.260462699	31.9771289825
-489.258639019	32.0619926453
-478.140960326	31.5367889404
-478.13913434	31.7148933411
-467.021457926	31.1466331482
-467.019629657	31.405330658
-455.901955499	30.8378276825
-455.900124968	31.1581535339
-444.782453044	30.6386909485
-444.780620274	30.9974384308
-433.662950562	30.5692005157
-433.661115575	30.9414978027
-422.543448053	30.6367034912
-422.541610872	30.9987277985
-411.423945516	30.8336277008
-411.422106163	31.1650619507
-400.304442952	31.1376209259
-400.302601449	31.4235630035
-389.18494036	31.5142002106
-389.18309673	31.7462482452
-378.06543774	31.9214744568
-378.063592006	32.0978660583
-366.945935094	32.3161087036
-366.944087277	32.4409484863
-355.826432419	32.6595649719
-355.824582543	32.7413215637
-344.706929717	32.9235496521
-344.705077804	32.9730911255
-333.587426987	33.0938339233
-333.585573059	33.1223144531
-322.46792423	33.1717262268
-322.46606831	33.1886901855
-311.348421445	33.1731033325
-311.346563556	33.1850700378
-300.228918632	33.1250686646
-300.227058796	33.134765625
-289.109415791	33.0608558655
-289.107554031	33.0672149658
-277.989912923	33.0137748718
-277.988049262	33.0126190186
-266.870410027	33.0112380981
-266.868544487	32.9965133667
-255.750907103	33.0698242188
-255.749039707	33.0351257324
-244.631404151	33.1922111511
-244.629534922	33.1323471069
-233.511901171	33.3664627075
-233.510030132	33.2787895203
-222.392398163	33.5678329468
-222.390525336	33.4531478882
-211.272895128	33.7627487183
-211.271020536	33.6256256104
-200.153392064	33.9143066406
-200.15151573	33.762840271
-189.033888972	33.9883384705
-189.03201092	33.8333282471
-177.914385853	33.9589538574
-177.912506104	33.812702179
-166.794882705	33.8126564026
-166.793001283	33.6875343323
-155.675379529	33.5502357483
-155.673496456	33.4572753906
-144.555876325	33.1862297058
-144.553991625	33.1338882446
-133.436373093	32.7460746765
-133.434486789	32.7393798828
-122.316869833	32.2615585327
-122.314981947	32.3017082214
-111.197366544	31.7655601501
-111.1954771	31.8499717712
-100.077863228	31.2871170044
-100.075972248	31.4099082947
-88.9583598827	30.8477935791
-88.9564673907	31.0005836487
-77.8388565096	30.460062027
-77.8369625284	30.6329479218
-66.7193531082	30.1279029846
-66.7174576606	30.3104553223
-55.5998496784	29.8493499756
-55.5979527878	30.0315151215
-44.4803462205	29.6202774048
-44.4784479098	29.7930660248
-33.3608427343	29.4384174347
-33.3589430265	29.5943374634
-22.2413392197	29.306640625
-22.2394381378	29.4398422241
-11.1218356763	29.2345371246
-11.1199332436	29.3407325745
-0.00232930550429	29.2379703522
-0.000402776811774	29.3141784668
11.1171714937	29.3365917206
11.1190765583	29.380771637
22.2366751224	29.5497875214
22.2385814673	29.5604724884
33.3561787793	29.8920249939
33.3580863818	29.868019104
44.4756824647	30.3685302734
44.4775913016	30.3087234497
55.5951861784	30.9722747803
55.5970962266	30.8755970001
66.7166011569	31.5484218597
77.8361060924	32.2949447632
88.9556110332	33.0739440918
100.075115979	33.8396148682
111.19462093	34.5464706421
122.314125887	35.1539955139
133.433630849	35.6305160522
144.553135815	35.9558982849
155.672640788	36.1231117249
166.792145765	36.1387405396
177.911650748	36.0227661133
189.031155736	35.8077735901
200.150660729	35.5375099182
211.270165728	35.2649230957
222.389670732	35.0491485596
233.509175741	34.9513931274
244.628680755	35.0297164917
255.748185775	35.3329124451
266.8676908	35.8941650391
277.98719583	36.7253761292
289.106700866	37.8132247925
300.226205907	39.1178207397
311.345710953	40.5747070312
322.465216004	42.1001815796
333.584721061	43.5995483398
344.704226123	44.9772567749
355.82373119	46.1474685669
366.943236263	47.0435523987
378.062741341	47.6251335144
389.182246424	47.8815689087
400.301751513	47.8315849304
411.421256606	47.5190963745
422.540761706	47.0060157776
433.66026681	46.3632125854
444.77977192	45.6608734131
455.899277035	44.9596366882
467.018782155	44.3036460876
478.138287281	43.7162895203
489.257792412	43.1989936829
500.377297548	42.7331848145
511.49680269	42.2849121094
522.616307837	41.8115653992
533.735812989	41.2696533203
544.855318147	40.6226158142
555.97482331	39.8475189209
567.094328478	38.9396972656
578.213833652	37.9145774841
589.333338831	36.8063621521
600.452844015	35.6637191772
611.572349204	34.5432472229
622.691854399	33.5016365051
633.811359599	32.5879669189
644.930864805	31.8376121521
656.050370016	31.2685871124
667.169875232	30.8810710907
678.289380453	30.6599235535
689.40888568	30.5795230865
700.528390912	30.6097412109
711.64789615	30.7216625214
722.767401392	30.8918495178
733.886906641	31.1042766571
745.006411894	31.3498134613
756.125917153	31.6236820221
767.245422417	31.9218082428
778.364927686	32.2373542786
789.484432961	32.558429718
800.603938241	32.8677558899
811.723443526	33.1443519592
822.842948816	33.3667602539
833.962454112	33.5169448853
845.081959413	33.5836486816
856.20146472	33.5643081665
867.320970032	33.4650001526
878.440475349	33.2983322144
889.559980671	33.0798950195
900.679485999	32.6744804382
911.798991332	32.5410614014
922.91849667	32.2332572937
934.038002014	31.8960494995
945.157507363	31.5182991028
956.277012717	31.0848484039
967.396518077	30.5794067383
978.516023441	29.9872398376
989.635528811	29.2970981598
1000.75503419	28.5022926331
1011.87453957	27.6010437012
1022.99404495	26.5964984894
1034.11355034	25.4967479706
1045.23305574	24.3151683807
1056.35256114	23.0709209442
1067.47206655	21.7892971039
1078.59157196	20.5014095306
1089.71107738	19.2426948547
1100.8305828	18.0501651764
1111.95008823	16.958480835
1123.06959366	15.9957494736
1134.1890991	15.179857254
1145.30860455	14.5163459778
1156.42811	13.9985256195
1167.54761545	13.6101770401
1178.66712091	13.3301744461
1189.78662637	13.1381483078
1200.90613184	13.019698143
1212.02563732	12.9698266983
1223.1451428	12.9937210083
1234.26464829	13.1047210693
1245.38415378	13.3200340271
1256.50365927	13.6682424545
1267.62316477	14.1211681366
1278.74267028	14.7183685303
1289.86217579	15.4402112961
1300.98168131	16.2741889954
1312.10118683	17.206615448
1323.22069236	18.2270450592
1334.34019789	19.3308792114
1345.45970343	20.5189113617
1356.57920897	21.793264389
1367.69871452	23.1504592896
1378.81822007	24.5733146667
1389.93772563	26.0240631104
1401.0572312	27.4412899017
1412.17673677	28.7416362762
1423.29624234	29.8277549744
1434.41574792	30.6013813019
1445.5352535	30.9794044495
1456.65475909	30.9098834991
1467.77426469	30.3844833374
1478.89377029	29.4445343018
1490.01327589	28.2134189606
1501.1327815	26.7146377563
1512.25228712	25.1992053986
1523.37179274	23.7820034027
1534.49129836	22.594121933
1545.61080399	21.7326717377
1556.73030963	21.2513866425
1567.84981527	21.1588783264
1578.96932091	21.4241447449
1590.08882657	21.9876003265
1601.20833222	22.7749671936
1612.32783788	23.7107524872
1623.44734355	24.7284164429
1634.56684922	25.7769966125
1645.6863549	26.8225193024
1656.80586058	27.8450260162
1667.92536626	28.8329296112
1679.04487195	29.7857875824
1690.16437765	30.6633739471
1701.28388335	31.4749164581
1712.40338906	32.1881637573
1723.52289477	32.7787055969
1734.64240049	33.2258911133
1745.76190621	33.5178909302
1756.88141193	33.655292511
1768.00091766	33.6521224976
1779.1204234	33.5338363647
1790.23992914	33.3335037231
1801.35943489	33.0863647461
1812.47894064	32.8243789673
1823.5984464	32.5720291138
1834.71795216	32.3347816467
1845.83745792	32.1474571228
1856.95696369	31.9806423187
1868.07646947	31.8397903442
1879.19597525	31.7201442719
1890.31548104	31.6179523468
1901.43498683	31.530374527
1912.55449262	31.4539260864
1923.67399842	31.3825263977
1934.79350423	31.306060791
1945.91301004	31.2105846405
1957.03251585	31.0809288025
1968.15202167	30.9054660797
1979.2715275	30.6820335388
1990.39103333	30.4233493805
2001.51053916	30.160036087
2012.630045	29.939743042
2023.74955085	29.8217411041
2034.86905669	29.867565155
2045.98856255	30.1294250488
2057.10806841	30.6390342712
2068.22757427	31.399980545
2079.34708014	32.3836898804
2090.46658601	33.5318145752
2101.58609189	34.7897109985
2112.70559777	35.9930992126
2123.82510366	37.1337585449
2134.94460955	38.1203231812
2146.06411545	38.9124794006
2157.18362135	39.4986114502
2168.30312725	39.8926849365
2179.42263316	40.1265869141
2190.54213908	40.2413101196
2201.661645	40.2772483826
2212.78115093	40.2666473389
2223.90065685	40.2292938232
2235.02016279	40.1729049683
2246.13966873	40.0956001282
2257.25917467	39.9910125732
2268.37868062	39.8531913757
2279.49818657	39.6802444458
2290.61769253	39.4759521484
2301.73719849	39.2495117188
2312.85670446	39.0136642456
2323.97621043	38.7919311523
2335.0957164	38.5657501221
2346.21522238	38.3729743958
2357.33472837	38.2067756653
2368.45423436	38.0662231445
2379.57374035	37.9475288391
2390.69324635	37.84557724
2401.81275235	37.7553443909
2412.93225836	37.6731796265
2424.05176437	37.6091690063
2435.17127039	37.529586792
2446.29077641	37.4723892212
2457.41028244	37.4309272766
2468.52978847	37.4108161926
2479.6492945	37.4171791077
2490.76880054	37.453540802
2501.88830658	37.5206756592
2513.00781263	37.6114006042
2524.12731868	37.7325782776
2535.24682474	37.8616065979
2546.3663308	37.9919967651
2557.48583687	38.1131286621
2568.60534294	38.2165412903
2579.72484901	38.2971382141
2590.84435509	38.3538284302
2601.96386117	38.3901901245
2613.08336726	38.4117240906
2624.20287335	38.4257698059
