262.460140232	45.5
270.229820871	45.6399993896
198.214572861	41.3899993896
205.983072438	42.0400009155
213.753431377	42.6399993896
221.525638954	43.1800003052
229.299684429	43.6500015259
237.075557035	44.0400009155
244.853245989	44.3499984741
252.632740482	44.5900001526
260.414029688	44.7299995422
268.197102758	44.7799987793
141.641805089	35.5999984741
149.410287869	36.4399986267
157.180710915	37.2799987793
164.953063628	38.0999984741
172.727335387	38.8899993896
180.503515549	39.6399993896
188.281593448	40.3499984741
196.061558399	41.0099983215
203.84339969	41.6100006104
211.627106592	42.1500015259
219.412668352	42.6199989319
227.200074194	43.0200004578
234.989313323	43.3400001526
242.780374922	43.5699996948
250.573248153	43.7099990845
258.367922154	43.7599983215
266.164386045	43.6800003052
92.746401211	30.9500007629
100.516276562	31.5599994659
108.288161973	32.2200012207
116.062046949	32.9399986267
123.837920978	33.7099990845
131.615773521	34.5200004578
139.395594017	35.3400001526
147.177371883	36.1599998474
154.961096512	36.9700012207
162.746757276	37.7700004578
170.534343523	38.5099983215
178.32384458	39.2299995422
186.115249749	39.8899993896
193.908548313	40.4900016785
201.703729532	41.0299987793
209.500782642	41.5099983215
217.299696859	41.9099998474
225.100461378	42.2400016785
232.90306537	42.4900016785
90.4205748112	30.6599998474
98.2037034827	31.2600002289
105.988848924	31.9099998474
113.776000614	32.6399993896
121.565148008	33.4000015259
129.356280538	34.1899986267
137.149387614	34.9900016785
144.944458621	35.7900009155
152.741482923	36.5600013733
160.54044986	37.3100013733
168.341348751	38.0099983215
176.144168889	38.6699981689
88.0947519009	30.3400001526
95.8911318159	30.9200000763
103.689535247	31.5599994659
111.489951642	32.2599983215
119.292370428	33.0099983215
802.128467115	35.4900016785
809.896615468	35.2400016785
817.66572809	34.9700012207
825.435793285	34.6699981689
833.206799346	34.3400001526
840.978734554	33.9900016785
848.75158718	33.6199989319
856.525345483	33.2299995422
864.299997711	32.8300018311
872.075532104	32.4000015259
699.934108709	36.4399986267
707.702334687	36.4799995422
715.471679731	36.5099983215
723.242132266	36.5400009155
731.013680704	36.5299987793
738.786313444	36.5200004578
746.56001887	36.4799995422
754.334785357	36.4199981689
762.110601266	36.3400001526
769.887454943	36.2200012207
777.665334725	36.0800018311
785.444228935	35.9099998474
793.224125886	35.7200012207
801.005013876	35.4799995422
808.786881194	35.2200012207
816.569716115	34.9399986267
824.353506905	34.6300010681
832.138241817	34.2999992371
839.923909092	33.9500007629
847.710496962	33.5699996948
855.497993646	33.1699981689
863.286387354	32.7599983215
871.075666283	32.3300018311
613.109190412	37.4700012207
620.877973009	37.2700004578
628.648005367	37.0800018311
636.419276027	36.9099998474
644.191773515	36.7599983215
651.965486342	36.6399993896
659.740403005	36.5600013733
667.516511986	36.5
675.293801755	36.4799995422
683.072260764	36.4900016785
690.851877456	36.5099983215
698.632640257	36.5299987793
706.414537581	36.5600013733
714.197557827	36.5800018311
721.981689381	36.5900001526
729.766920618	36.5900001526
737.553239897	36.5600013733
745.340635566	36.5200004578
753.12909596	36.4500007629
760.9186094	36.3600006104
768.709164195	36.2299995422
776.500748643	36.0800018311
784.293351028	35.9099998474
792.086959622	35.7000007629
799.881562686	35.4700012207
807.677148469	35.2000007629
815.473705208	34.9099998474
823.271221127	34.5999984741
831.06968444	34.2599983215
838.869083351	33.9099998474
846.669406049	33.5200004578
854.470640717	33.1199989319
862.272775521	32.7000007629
870.075798622	32.2599983215
526.137164657	40.2099990845
533.905023739	40.0400009155
541.674262334	39.8600006104
549.444869114	39.6699981689
557.216832736	39.4700012207
564.990141843	39.2700004578
572.764785059	39.0499992371
580.540750994	38.8400001526
588.318028242	38.6100006104
596.096605383	38.3800010681
603.876470978	38.1500015259
611.657613576	37.9199981689
619.44002171	37.6899986267
627.223683897	37.4700012207
635.008588642	37.2700004578
642.794724432	37.0999984741
650.58207974	36.9399986267
658.370643026	36.8199996948
666.160402736	36.7299995422
673.951347299	36.6800003052
681.743465132	36.6500015259
689.536744638	36.6500015259
697.331174206	36.6500015259
705.126742211	36.6599998474
712.923437014	36.6599998474
720.721246964	36.6599998474
728.520160395	36.6500015259
736.320165629	36.6100006104
744.121250975	36.5499992371
751.923404728	36.4700012207
759.726615172	36.3800010681
454.567265623	41.8499984741
462.335732852	41.8899993896
470.105685829	41.8800010681
477.877113342	41.8400001526
485.650004161	41.75
493.424347041	41.6399993896
501.200130718	41.5
508.977343914	41.3499984741
516.755975331	41.1699981689
524.536013656	40.9799995422
532.317447559	40.7700004578
540.100265693	40.5600013733
547.884456695	40.3499984741
555.670009187	40.1300010681
563.456911772	39.9099998474
571.245153041	39.6699981689
579.034721565	39.4300003052
586.825605902	39.1899986267
594.617794595	38.9399986267
602.411276168	38.6899986267
610.206039133	38.4300003052
618.002071986	38.1800003052
625.799363206	37.9300003052
633.597901261	37.7000007629
641.397674599	37.4900016785
649.198671658	37.2999992371
657.000880859	37.1399993896
664.804290608	37
382.875135781	39.6100006104
390.643212049	40.3899993896
398.412879545	41.0499992371
406.184127185	41.6100006104
413.956943865	42.0699996948
421.731318465	42.4399986267
429.507239845	42.7200012207
437.284696847	42.9199981689
445.063678295	43.0299987793
452.844172997	43.0800018311
460.62616974	43.0800018311
468.409657295	43.0299987793
476.194624416	42.9300003052
483.981059839	42.7999992371
491.768952282	42.6399993896
499.558290446	42.4599990845
507.349063016	42.2599983215
515.14125866	42.0499992371
522.934866027	41.8199996948
530.729873752	41.5900001526
538.526270451	41.3400001526
546.324044726	41.0999984741
554.12318516	40.8499984741
561.923680323	40.5999984741
569.725518765	40.3499984741
577.528689024	40.0800018311
318.836874974	30.2099990845
326.605261146	32
334.375332215	33.6599998474
342.147077216	35.2000007629
349.920485163	36.6300010681
357.695545054	37.9199981689
365.472245862	39.0800018311
373.250576547	40.1300010681
381.030526046	41.0400009155
388.812083277	41.8300018311
396.595237141	42.5
404.37997652	43.0600013733
412.166290276	43.5
419.954167252	43.8499984741
427.743596276	44.1100006104
435.534566154	44.2700004578
443.327065676	44.3600006104
451.121083614	44.3699989319
458.91660872	44.3199996948
466.71362973	44.2200012207
474.512135362	44.0800018311
482.312114316	43.9000015259
490.113555275	43.7000007629
497.916446905	43.4700012207
285.774472384	22.9200000763
293.549421522	25.2199993134
301.326105057	27.3999996185
309.104512069	29.4500007629
316.88463162	31.3799991608
324.66645275	33.1899986267
332.449964481	34.8699989319
340.235155815	36.4399986267
348.022015731	37.8899993896
355.810533193	39.2099990845
363.600697143	40.4000015259
371.392496505	41.4799995422
379.185920181	42.4199981689
386.980957058	43.2299995422
394.777596	43.9099998474
402.575825855	44.4799995422
410.375635451	44.9199981689
418.177013597	45.2599983215
425.979949084	45.5
283.768556989	23.8899993896
291.55691635	26.2099990845
299.347015973	28.3999996185
307.138844906	30.4699993134
314.932392176	32.4199981689
322.727646793	34.2599983215
330.524597743	35.9799995422
338.323233994	37.5699996948
346.123544494	39.0400009155
353.925518172	40.4099998474
281.762639868	24.7000007629
289.564407934	27.0300006866
