4.3750    50.0033
4.2621    49.8853
3.8105    49.8853
3.7782    49.5971
3.6331    49.5971
3.6008    49.4005
3.4073    49.4005
3.2550    49.0860
2.8589    48.6798
3.0040    48.6143
2.9879    45.4955
2.8105    45.4169
2.9718    45.2727
2.9879    43.3202
2.8589    43.2285
2.9879    43.1368
2.9556    42.5078
7.3750    42.4947
8.0363    43.0188
8.0363    44.1327
7.6331    44.4079
7.4234    44.4079
7.4073    45.1024
7.9073    45.6265
8.1008    45.6265
8.3105    45.9148
8.4718    45.9148
8.7298    46.2162
9.8105    46.2162
9.8427    46.3210
10.6653    46.3079
11.1815    46.6224
12.7782    46.6224
12.8427    46.7273
14.6976    46.7142
14.7782    46.8190
15.2782    46.8059
15.4556    47.0156
17.0524    47.0156
17.0040    49.0336
16.3427    49.1777
15.8105    49.1908
15.7944    49.2957
15.5685    49.2957
15.5847    49.4005
14.9556    49.4005
14.9556    49.4922
14.4879    49.5053
14.4879    49.5708
13.9879    49.5971
13.9073    49.6888
13.5040    49.6888
13.4556    49.7936
12.9556    49.8067
12.9395    49.9115
12.3750    49.9115
12.3427    49.9771
4.3750    50.0033
