8.0610     37.5733
7.8291     38.0188
7.8191     38.1892
7.7283     38.2285
7.7283     38.3726
7.6275     38.4251
7.6275     38.5823
7.5166     38.6085
7.5267     38.8837
7.4158     38.9754
7.3352     38.9885
7.3352     39.5127
7.4259     39.5127
7.4057     40.0238
7.5166     40.1286
7.5166     40.3907
7.5973     40.4431
7.6174     40.6921
7.7182     40.7183
7.7283     40.8886
7.8291     40.9148
7.8291     41.1900
8.0106     41.3210
7.7082     41.6486
7.7182     41.8845
7.4158     42.2776
7.4057     42.6708
8.0005     43.6143
8.0307     43.7322
8.0408     44.3874
8.2223     44.3874
8.2324     44.4791
9.4320     44.4922
9.4924     44.3874
9.7545     44.4005
9.7848     44.3088
10.2686    44.3088
10.2787    44.2039
10.9037    44.2039
10.8836    44.0991
11.4464    44.1122
12.5469    43.1949
12.5973    43.2342
13.6154    42.1990
13.6961    42.2252
13.9884    41.9107
14.0993    41.9238
14.4118    41.6224
14.5832    41.6093
14.7848    41.3079
14.9561    41.3079
15.0166    41.2031
15.7021    40.5217
15.8432    40.5348
16.2767    39.8010
16.2868    39.0147
16.1860    38.9885
16.1759    38.6216
16.0650    38.6216
16.0751    38.2154
15.9743    38.2023
15.9642    38.0319
15.7324    37.8092
15.6215    37.8223
15.4501    37.5995
8.0610     37.5733
