19.200000 48.213373
19.184366 48.263473
19.151189 48.353293
19.112702 48.443114
19.069094 48.532934
19.066667 48.537440
19.019894 48.622754
18.964890 48.712575
18.933333 48.759445
18.903720 48.802395
18.835818 48.892216
18.800000 48.935531
18.760450 48.982036
18.677338 49.071856
18.666667 49.082544
18.584906 49.161677
18.533333 49.208129
18.483019 49.251497
18.400000 49.318402
18.370293 49.341317
18.266667 49.416388
18.245296 49.431138
18.133333 49.504464
18.106728 49.520958
18.000000 49.584061
17.952185 49.610778
17.866667 49.656703
17.779545 49.700599
17.733333 49.723019
17.600000 49.783505
17.583722 49.790419
17.466667 49.838571
17.356869 49.880240
17.333333 49.888932
17.200000 49.934652
17.086443 49.970060
17.066667 49.976088
16.933333 50.013478
16.800000 50.047120
16.743780 50.059880
16.666667 50.077112
16.533333 50.103572
16.400000 50.126437
16.266667 50.149209
16.264242 50.149701
16.133333 50.175814
16.000000 50.198614
15.866667 50.217715
15.733333 50.233211
15.663219 50.239521
15.600000 50.245175
15.466667 50.253677
15.333333 50.258762
15.200000 50.260455
15.066667 50.258762
14.933333 50.253677
14.800000 50.245175
14.736781 50.239521
14.666667 50.233211
14.533333 50.217767
14.400000 50.198761
14.266667 50.187705
14.133333 50.190918
14.000000 50.191255
13.866667 50.189558
13.733333 50.184457
13.600000 50.175928
13.466667 50.163931
13.344357 50.149701
13.333333 50.148407
13.200000 50.129335
13.066667 50.106580
12.933333 50.087551
12.800000 50.089255
12.666667 50.087551
12.533333 50.082429
12.400000 50.073867
12.266667 50.061823
12.249941 50.059880
12.133333 50.046221
12.000000 50.026982
11.866667 50.005837
11.733333 50.007352
11.600000 50.007355
11.466667 50.017034
11.333333 50.027357
11.200000 50.034210
11.066667 50.037628
10.933333 50.037883
10.800000 50.035314
10.666667 50.029595
10.533333 50.024644
10.400000 50.025855
10.266667 50.024146
10.133333 50.019011
10.000000 50.010425
9.866667 49.998344
9.733333 49.982711
9.644947 49.970060
9.600000 49.963565
9.466667 49.941199
9.333333 49.915958
9.200000 49.887907
9.166444 49.880240
9.066667 49.857200
8.933333 49.824613
8.802784 49.790419
8.800000 49.789679
8.666667 49.751306
8.533333 49.709319
8.507709 49.700599
8.400000 49.663054
8.266667 49.612511
8.262387 49.610778
8.133333 49.559864
8.000000 49.521029
7.999768 49.520958
7.866667 49.479530
7.733333 49.433414
7.727217 49.431138
7.600000 49.382362
7.502331 49.341317
7.466667 49.326469
7.333333 49.301028
7.200000 49.286780
7.066667 49.268836
6.959882 49.251497
6.933333 49.247133
6.800000 49.221828
6.666667 49.192716
6.542214 49.161677
6.533333 49.159416
6.400000 49.121804
6.266667 49.079988
6.243025 49.071856
6.133333 49.033052
6.001363 48.982036
6.000000 48.981493
5.866667 48.923955
5.798535 48.892216
5.733333 48.860717
5.621321 48.802395
5.600000 48.790805
5.466667 48.713720
5.464746 48.712575
5.333333 48.645344
5.276512 48.622754
5.200000 48.591400
5.069149 48.532934
5.066667 48.531784
4.933333 48.465905
4.890435 48.443114
4.800000 48.392979
4.732628 48.353293
4.666667 48.312404
4.592084 48.263473
4.533333 48.222885
4.465740 48.173653
4.400000 48.122968
4.351522 48.083832
4.266667 48.010679
4.248083 47.994012
4.154331 47.904192
4.133333 47.882625
4.069084 47.814371
4.000000 47.742516
3.981014 47.724551
3.875515 47.634731
3.866667 47.626721
3.779639 47.544910
3.733333 47.498335
3.691684 47.455090
3.611255 47.365269
3.600000 47.351769
3.538254 47.275449
3.472800 47.185629
3.466667 47.178894
3.379883 47.095808
3.333333 47.054388
3.280774 47.005988
3.200000 46.926856
3.189442 46.916168
3.105853 46.826347
3.066667 46.781119
3.029089 46.736527
2.958696 46.646707
2.933333 46.617595
2.878335 46.556886
2.800486 46.467066
2.800000 46.466472
2.724414 46.377246
2.666667 46.319419
2.634900 46.287425
2.552678 46.197605
2.533333 46.174574
2.479123 46.107784
2.412904 46.017964
2.400000 45.998784
2.353753 45.928144
2.301374 45.838323
2.266667 45.770778
2.255452 45.748503
2.215784 45.658683
2.181966 45.568862
2.153818 45.479042
2.133333 45.397828
2.131184 45.389222
2.113931 45.299401
2.101920 45.209581
2.095073 45.119760
2.083995 45.029940
2.067175 44.940120
2.054679 44.850299
2.047324 44.760479
2.045051 44.670659
2.047819 44.580838
2.054024 44.491018
2.065096 44.401198
2.081238 44.311377
2.102502 44.221557
2.128960 44.131737
2.133333 44.119277
2.160774 44.041916
2.198058 43.952096
2.211948 43.862275
2.218061 43.772455
2.229004 43.682635
2.244198 43.592814
2.264064 43.502994
2.266667 43.493582
2.289074 43.413174
2.319322 43.323353
2.354923 43.233533
2.396009 43.143713
2.400000 43.135953
2.442876 43.053892
2.494567 42.964072
2.533333 42.903326
2.552245 42.874251
2.615288 42.784431
2.666667 42.717725
2.684909 42.694611
2.760806 42.604790
2.800000 42.561843
2.844309 42.514970
2.933333 42.427876
2.936242 42.425150
3.038444 42.335329
3.066667 42.312078
3.151714 42.245509
3.200000 42.209782
3.276964 42.155689
3.333333 42.118005
3.416532 42.065868
3.466667 42.035908
3.574371 41.976048
3.600000 41.962387
3.733333 41.896603
3.756219 41.886228
3.866667 41.837841
3.971149 41.796407
4.000000 41.785296
4.133333 41.738762
4.237231 41.706587
4.266667 41.697672
4.400000 41.661889
4.533333 41.631038
4.605951 41.616766
4.666667 41.604994
4.800000 41.583592
4.933333 41.566686
5.066667 41.554191
5.200000 41.546039
5.333333 41.541879
5.466667 41.541879
5.600000 41.546159
5.727606 41.526946
5.733333 41.526066
5.866667 41.506565
6.000000 41.491403
6.133333 41.480630
6.266667 41.474188
6.400000 41.472045
6.533333 41.473307
6.666667 41.469289
6.800000 41.467145
6.933333 41.467790
7.066667 41.471962
7.200000 41.480142
7.333333 41.492577
7.466667 41.508879
7.583300 41.526946
7.600000 41.529557
7.733333 41.554321
7.866667 41.583514
7.998446 41.616766
8.000000 41.617166
8.133333 41.655842
8.266667 41.699209
8.296181 41.706587
8.400000 41.731308
8.533333 41.764220
8.648731 41.796407
8.666667 41.801501
8.800000 41.840303
8.933333 41.870893
8.991455 41.886228
9.066667 41.906455
9.200000 41.947207
9.284036 41.976048
9.333333 41.993411
9.466667 42.045483
9.514213 42.065868
9.600000 42.103889
9.706838 42.155689
9.733333 42.169037
9.866667 42.241753
9.873098 42.245509
10.000000 42.323111
10.018716 42.335329
10.133333 42.414126
10.148463 42.425150
10.264871 42.514970
10.266667 42.516441
10.369354 42.604790
10.400000 42.633058
10.463921 42.694611
10.533333 42.766779
10.549692 42.784431
10.627012 42.874251
10.666667 42.924531
10.696942 42.964072
10.759830 43.053892
10.800000 43.117429
10.816285 43.143713
10.867453 43.233533
10.913807 43.323353
10.933333 43.339166
11.066667 43.344499
11.200000 43.342645
11.333333 43.344659
11.466667 43.350712
11.600000 43.360834
11.733333 43.375075
11.866667 43.393506
11.982310 43.413174
12.000000 43.416218
12.133333 43.443388
12.266667 43.475110
12.369107 43.502994
12.400000 43.511573
12.533333 43.553123
12.647019 43.592814
12.666667 43.599860
12.800000 43.652388
12.869992 43.682635
12.933333 43.710952
13.066667 43.760455
13.200000 43.740155
13.333333 43.724031
13.466667 43.712006
13.600000 43.704023
13.733333 43.700042
13.866667 43.699887
14.000000 43.703527
14.133333 43.711166
14.266667 43.722843
14.400000 43.738614
14.533333 43.758554
14.610247 43.772455
14.666667 43.782781
14.800000 43.811453
14.933333 43.844672
14.995736 43.862275
15.066667 43.882707
15.200000 43.925787
15.333333 43.941885
15.410149 43.952096
15.466667 43.959676
15.600000 43.981679
15.733333 44.007989
15.866667 44.038721
15.878891 44.041916
16.000000 44.074181
16.133333 44.114446
16.184854 44.131737
16.266667 44.159902
16.400000 44.210759
16.426082 44.221557
16.533333 44.267245
16.628801 44.311377
16.666667 44.329539
16.800000 44.398722
16.804466 44.401198
16.933333 44.475862
16.957843 44.491018
17.066667 44.561742
17.094392 44.580838
17.200000 44.657741
17.216847 44.670659
17.327882 44.760479
17.333333 44.765132
17.428933 44.850299
17.466667 44.886461
17.520535 44.940120
17.600000 45.024781
17.604710 45.029940
17.681005 45.119760
17.733333 45.186394
17.751138 45.209581
17.815273 45.299401
17.866667 45.377906
17.873944 45.389222
17.927061 45.479042
17.975234 45.568862
18.000000 45.620314
18.018251 45.658683
18.067121 45.748503
18.133333 45.800452
18.187561 45.838323
18.266667 45.896819
18.306992 45.928144
18.400000 46.005119
18.414944 46.017964
18.513737 46.107784
18.533333 46.126930
18.603130 46.197605
18.666667 46.266851
18.685062 46.287425
18.760731 46.377246
18.800000 46.427215
18.830691 46.467066
18.895231 46.556886
18.933333 46.614469
18.954289 46.646707
19.008132 46.736527
19.057004 46.826347
19.066667 46.845983
19.100789 46.916168
19.139810 47.005988
19.174034 47.095808
19.200000 47.174746
19.203554 47.185629
19.228438 47.275449
19.247911 47.365269
19.262017 47.455090
19.270796 47.544910
19.276348 47.634731
19.277996 47.724551
19.275188 47.814371
19.267272 47.904192
19.253915 47.994012
19.235588 48.083832
19.212269 48.173653
19.200000 48.213373
