5.2 47.9 4.7711297872473
5.3 47.9 4.991129100647303
7.9 47.9 0.5227591237410216
8.0 47.9 0.3227583608410214
8.1 47.9 -4.672988674178637
8.2 47.9 -4.922988674178637
8.6 47.9 -6.182988903078638
8.7 47.9 -6.542989513478634
8.9 47.9 -5.687739967705397
9.0 47.9 -6.0277401203053955
9.2 47.9 -0.9793683123991741
9.4 47.9 -3.084617858172358
9.5 47.9 -3.4146177818723586
9.7 47.9 -3.9846174766723585
9.9 47.9 -4.434616332272359
10.0 47.9 -4.654617552972358
10.3 47.9 -5.2346174766723585
10.4 47.9 -5.394617324072357
10.5 47.9 -3.979368312399174
10.6 47.9 -4.129369838299176
10.8 47.9 -6.01461816327236
10.9 47.9 -6.154617552972354
11.1 47.9 -4.046744378712553
11.2 47.9 -4.16674331061256
11.4 47.9 -3.574119529625939
11.8 47.9 0.11900273260710037
12.0 47.9 -0.7036205906795203
12.1 47.9 -0.6936222691795138
12.3 47.9 -0.6236225743795174
12.4 47.9 -0.6036221165795155
12.8 47.9 1.9642539567803396
14.3 47.9 4.134252125680341
14.4 47.9 4.334252888680339
14.6 47.9 6.289500908553524
14.7 47.9 6.459500984853523
5.1 44.4 -5.21346004914022
5.2 44.4 -1.8613867281846055
5.3 44.4 -2.521388482984605
5.6 44.4 -1.6517301009201404
5.9 44.4 -3.3093164590289916
6.0 44.4 -4.109315696128995
6.2 44.4 -0.8148283517822321
6.3 44.4 -1.4748281991822338
6.5 44.4 2.1396588398644667
12.0 47.9 1.766246457540774
12.0 47.8 0.5262447790407805
12.0 47.4 3.077798119108863
12.0 47.3 1.1077968984088642
12.0 47.3 5.781016593531234
12.0 47.2 15.18040560948102
12.0 47.1 13.100407593181018
12.0 47.0 12.462372586217732
12.0 46.9 10.362370297317732
12.0 46.8 8.035051532205486
12.0 46.7 7.035051532205486
12.0 46.1 3.010206537979329
12.0 46.0 3.7402060802793287
12.0 45.9 1.0489503099936712
12.0 45.8 -1.1113206749236255
12.0 45.7 -0.8413202171236236
10.0 46.8 2.417309142115492
10.0 46.7 0.31731066801549446
10.0 46.9 0.9570422502088434
10.0 46.8 -1.1029591230911606
10.0 47.0 -0.5832264726978096
10.0 47.2 2.136700669164007
10.0 47.1 0.3466997536640122
10.0 47.3 -1.623713617318998
10.0 47.2 -3.3037139225190018
10.0 47.5 -0.21383723454929537
10.0 47.4 -1.6538358612492985
10.0 47.9 -1.8942990758244242
10.0 46.1 1.9965851322768557
10.0 46.0 0.9017898582653814
10.0 45.9 1.5117904686653816
10.0 45.8 -3.4116296152467527
10.0 45.7 -3.211628852346756
10.0 45.7 -2.8306702858244606
10.0 45.6 -2.84066860732446
10.0 45.6 -2.84066860732446
10.0 45.5 -3.050671506524459
11.0 47.6 1.74752365030416
11.0 47.5 0.20752273480415795
11.0 47.8 -0.49945554517712765
11.0 47.7 -1.7494555451771276
13.0 46.1 2.8823565741714816
13.0 46.0 3.2523593207714825
13.0 46.2 4.253714641851197
13.0 46.1 4.773715099651199
13.0 46.3 3.9840179097022457
13.0 46.2 4.674016536402242
13.0 46.4 3.1040168416022453
13.0 46.3 3.9840179097022457
13.0 46.5 2.4243202620532855
13.0 46.4 3.5243187361532904
13.0 46.6 2.5653750618819444
13.0 46.5 3.8953768929819432
13.0 46.6 3.616129798259557
13.0 47.7 3.5817537005693936
13.0 47.6 1.9117555316693924
13.0 47.9 5.481151589967304
13.0 47.8 4.2211494536673015
10.0 46.7 2.2374569944918505
10.0 46.6 0.08745546859184827
10.0 47.7 -0.004007185771712329
10.0 47.6 -1.1540048969717134
10.0 47.8 -0.8941509182480658
10.0 47.7 -1.9241535122480684
10.0 46.4 -9.603352208039048
10.0 46.2 3.08185511194948
10.0 45.9 -0.5834816472072362
10.0 45.8 -0.17348179980723444
10.0 43.9 0.6945216746996756
10.0 44.1 1.5164102055178539
10.0 44.0 2.3164094426178536
10.0 44.2 0.15357634114059593
10.0 44.1 1.0635780958405938
9.0 46.7 -4.598671777334175
9.0 46.6 2.5410258633764755
9.0 46.5 0.51102326937648
9.0 46.4 1.2202105427977585
9.0 46.3 0.6698034929083931
9.0 46.2 18.499801509208396
9.0 45.9 19.514195748468026
9.0 45.8 19.594197579568025
9.0 45.8 18.031772154717054
9.0 45.7 17.85177184951705
9.0 45.6 11.524513101305097
9.0 45.5 10.874515390205097
9.0 43.4 14.637378736869884
5.1 47.2 0.5847301970670493
5.9 47.2 1.226934955556608
6.0 47.2 1.146935031756609
6.1 47.2 1.066935108056608
6.2 47.2 0.976934955556608
7.1 47.2 -6.5107015862598665
7.2 47.2 -6.710700441859867
7.6 47.2 -6.186291153880749
7.7 47.2 -6.506292755980748
7.9 47.2 -6.434087692391188
8.2 47.2 -8.51629107758075
8.3 47.2 -8.99629252718075
8.6 47.2 -9.694086013891187
8.7 47.2 -10.20408815019119
8.9 47.2 -8.857473798422511
9.0 47.2 -9.367475934722513
9.2 47.2 -8.73306412894339
9.3 47.2 -9.183064891943395
10.0 47.2 -7.399839850706037
10.1 47.2 -7.779840918806038
10.3 47.2 -5.341022953047798
10.4 47.2 -5.6910214271477955
10.6 47.2 -7.915429570826916
11.3 47.2 -10.567634558116474
11.4 47.2 -10.777633642616479
11.8 47.2 -5.090000152599998
11.9 47.2 -5.229999542199998
12.4 47.2 -9.301022037547796
12.7 47.2 -6.914410585079118
12.8 47.2 -6.854409211779121
8.0 46.9 -3.13533699219316
8.0 46.8 -4.715335008493163
8.0 46.4 -1.3223589433019214
8.0 46.3 -3.04236016400192
8.0 45.9 1.544433281834742
8.0 45.8 1.4295510987315652
8.0 45.7 0.7295503358315614
8.0 45.6 40.514999169630286
8.0 45.5 39.17499901703029
6.0 47.4 3.268953926071763
6.0 47.3 2.938954002371762
6.0 43.5 -3.1313246827442036
6.0 43.4 -2.1013239961442025
6.0 43.7 -5.855809071349562
6.0 43.6 -4.725809910649563
6.0 43.8 -10.417218636087192
6.0 43.7 -9.317216347287193
6.0 44.7 6.077119506881516
6.0 44.9 7.782689461204065
6.0 44.8 7.712689766404068
6.0 45.0 7.975768786371823
6.0 44.9 7.8157689389718215
6.0 45.1 6.777444345201964
6.0 45.0 6.547440988201963
6.0 45.3 2.3953309898955197
6.0 45.2 1.9953332786955187
6.0 45.4 0.7346270467267288
6.0 45.3 0.6646273519267325
6.0 45.6 -5.75543057680121
6.0 45.5 -6.275431034601212
6.0 45.7 -6.12440515241196
6.0 45.6 -6.744404084211958
6.0 45.8 -5.922786247623492
6.0 45.7 -6.572787773523494
6.0 46.0 -5.09052699252949
6.0 45.9 -5.84052699252949
6.0 46.3 -3.6282647620354886
6.0 46.2 -4.298264838335491
6.0 43.2 -2.648566609996884
6.0 43.1 -1.9885667625968857
6.0 43.3 -1.675810673549563
6.0 44.6 4.197118438781516
6.0 44.5 4.407121337981515
11.0 43.4 -4.124097902530892
11.0 43.3 -3.6140976736308943
11.0 43.5 -5.350096080595648
11.0 43.7 -7.306093800860417
11.0 44.0 -8.522597804839702
11.0 43.9 -7.532598033739699
11.0 44.2 -10.713129204982849
11.0 44.1 -11.323129815282854
11.0 44.8 3.1643396818444742
11.0 44.7 2.4043413603444748
11.0 44.9 4.540341293209231
11.0 44.8 3.81033793620923
11.0 45.3 1.9449163024971199
11.0 45.2 1.484917217997122
11.0 45.4 2.788702972538431
11.0 45.3 2.4487028199384326
11.0 45.6 13.164432558364886
11.0 45.5 13.07443240586489
11.0 45.7 13.33632780078554
11.0 45.6 13.416325817085543
11.0 45.8 13.096326122285546
11.0 45.7 13.33632780078554
11.0 46.4 4.06035420659299
11.0 46.3 5.410352680692988
11.0 46.5 3.5303554272929887
11.0 46.4 5.06035420659299
11.0 46.6 -7.138821168179739
11.0 46.5 4.301181273220266
11.0 46.7 -3.0536754036144558
11.0 46.6 -5.123675098414459
11.0 46.8 1.3333666714714951
11.0 46.7 -0.7866360751285058
11.0 46.9 5.76040584735744
11.0 46.8 3.600405999957445
11.0 47.4 2.7349366127024055
11.0 47.3 0.9349373757024111
11.0 47.5 3.9385556653803775
11.0 47.4 2.2685574963803745
11.0 47.9 -0.07902528776017448
11.0 45.9 12.938219533606215
11.0 45.8 13.348219381006217
11.0 46.0 11.84443286356489
11.0 45.9 12.434433016164888
11.0 46.1 10.056861049382249
11.0 46.0 10.83685982868225
5.4 47.2 3.0013423362357265
5.5 47.2 2.9913440146357253
5.6 47.2 2.1791391799461657
5.7 47.2 2.139138264346169
6.5 47.2 0.6769338110566068
6.6 47.2 0.5669351080566081
6.8 47.2 -2.861882628701629
6.9 47.2 -3.0018839257016303
9.6 47.2 -8.136453591974714
9.7 47.2 -8.556451760974717
10.9 47.2 -9.607635473716478
11.0 47.2 -9.867633795216477
11.6 47.2 -6.384407991079122
11.7 47.2 -6.534409516879116
13.1 47.2 -4.950000762899997
13.2 47.2 -4.7599983214999995
13.4 47.2 -1.9133877845313236
13.5 47.2 -1.613388547531322
13.7 47.2 3.8798393929060353
13.8 47.2 4.329840155806032
14.2 47.2 1.806613436168675
14.4 47.2 1.53220605548956
14.5 47.2 2.2122025458895607
14.7 47.2 0.37338686903132157
14.8 47.2 1.0233883949313238
7.0 47.9 -0.9752187053274497
7.0 47.9 -1.558389762248538
7.0 47.8 -1.82839022004854
7.0 47.7 -1.303634016066919
7.0 47.6 -1.7436326427669222
7.0 47.6 -1.1604615858458054
7.0 47.4 -1.1441190906036276
7.0 47.3 -1.8441198535036278
7.0 47.2 -0.30143654131924436
7.0 47.2 0.5733200440624024
7.0 47.1 -0.2566798796375984
7.0 46.4 -7.685091757177041
7.0 46.3 -8.955092214977043
7.0 45.9 -2.031156564252541
7.0 45.8 -3.0611591582525435
7.0 45.7 -0.4841798567574713
7.0 45.4 -1.1645479232663831
7.0 45.3 -1.3045473129663776
7.0 45.3 -0.5487666880317192
7.0 45.2 -0.9287677561317196
7.0 45.1 2.052430767828689
7.0 45.0 2.8424278686286897
7.0 44.9 8.652892700971293
7.0 44.8 9.002894989771292
14.0 45.5 0.7195693611626268
14.0 45.4 0.7295676826626263
14.0 45.6 2.4661066971413916
14.0 45.8 4.945440756682444
14.0 45.7 4.975443350682447
14.0 45.9 8.669444821394045
14.0 45.8 8.709445736994041
14.0 47.3 5.0531805510104775
14.0 47.2 3.4831808561104722
14.0 47.4 6.1613138306022535
14.0 47.3 4.551313220302255
14.0 47.6 8.538513902639934
14.0 47.5 6.998512987139932
5.1 45.8 4.105639507587906
5.2 45.8 3.6956396601879042
14.5 45.8 0.2486831387018995
13.7 45.8 2.3439099913719588
13.4 45.8 5.196090924227981
13.0 45.8 5.006088482727982
13.1 45.8 5.036091076727978
12.7 45.8 8.158272467384059
12.3 45.8 3.439998626700003
12.4 45.8 3.439998626700003
12.1 45.8 6.572182153556021
12.2 45.8 6.602180932856015
6.7 45.8 0.4860918397279832
6.8 45.8 -0.41390968617201906
7.4 45.8 -4.4378199827439815
7.5 45.8 -5.287818456843979
7.8 45.8 -1.3334565911318847
8.1 45.8 -3.2434564385318865
8.4 45.8 23.023495963154122
8.5 45.8 21.49349718385412
8.9 45.8 19.64567735371014
9.0 45.8 18.665677811510143
9.5 45.8 9.614361713112096
9.8 45.8 10.110451874340072
9.9 45.8 9.880452332040072
10.6 45.8 9.570450958740075
10.7 45.8 9.650452789840074
10.9 45.8 9.860451874340072
11.0 45.8 10.000451263940079
11.5 45.8 13.139588870982159
7.0 47.0 -0.58350867021651
7.0 46.9 -1.563508212416508
7.0 46.8 -2.0103378420954208
7.0 46.7 -3.1403370028954214
7.0 46.6 -4.320337308095418
7.0 46.3 -1.1396937586169429
7.0 46.2 -2.4596934534169392
7.0 46.1 -0.7265718692783096
7.0 46.0 -1.173082828830779
7.0 45.9 -2.2830834392307793
7.0 44.4 -0.027670575605014847
7.0 44.3 1.0523312553949822
7.0 44.2 -6.787036701520918
7.0 44.1 -5.447036548920913
7.0 44.0 -5.7851098265426835
7.0 43.9 -4.365111657642682
7.0 43.9 -9.419064157032842
7.0 43.8 -8.01906263113284
7.0 43.7 -9.669064157032842
7.0 43.5 -14.196138011761608
7.0 43.4 -13.00613747766161
7.0 44.6 10.344822017349522
7.0 44.5 11.124820796649516
7.0 45.5 -2.24954950855048
5.5 45.1 -1.1598381722060367
5.6 45.1 -1.8898377144060348
7.7 45.1 36.832904742549374
9.6 45.1 -7.0376357788164725
10.1 45.1 -3.878816592458236
10.2 45.1 -3.778818118358238
11.0 45.1 -0.0622048347895614
11.1 45.1 0.1577963859104372
11.7 45.1 -4.027633642616479
11.8 45.1 -3.8076362366164744
12.0 45.1 -1.8532247360373546
12.3 45.1 -5.444247689085152
13.2 45.1 1.0133862586313214
13.3 45.1 1.0733876319313183
13.6 45.1 2.96779394451044
13.7 45.1 3.1277937919104417
13.9 45.1 4.3199996948000035
14.0 45.1 4.560001373299997
14.3 45.1 8.608816134658241
14.4 45.1 8.93881796575824
14.6 45.1 12.075429418226918
14.8 45.1 4.18118096614176
13.0 43.7 6.484371858669228
13.0 43.6 6.214371400869226
13.0 43.6 5.343060624037378
13.0 43.5 5.053059708537383
13.0 45.5 9.056132239659561
13.0 45.4 9.026129645659559
13.0 45.6 7.595073930330905
13.0 45.8 4.9432614948246325
13.0 45.7 5.033261647424631
13.0 45.8 2.841752022069393
13.0 46.0 1.3610007952917798
13.0 45.9 1.6309974382917787
13.0 46.9 -7.335378148595666
13.0 46.8 -8.345376470095665
13.0 47.0 -4.974622038918056
13.0 46.9 -6.284623412218053
13.0 47.1 -4.042207187709678
13.0 47.3 0.5320179627049697
13.0 47.2 -1.377981884695032
13.0 47.4 2.2718677784294457
13.0 47.3 0.3218670154294472
13.0 47.5 2.920961942176305
13.0 47.4 1.0109620947763105
13.0 47.6 3.4700576318231597
13.0 47.5 1.6600562585231557
8.0 47.9 -2.04604922948225
8.0 47.8 -2.4860497635822476
8.0 47.8 -2.3013537487931224
8.0 47.7 -2.851352985793124
8.0 47.6 -3.1419608036148574
8.0 47.5 -3.9319617192148577
8.0 47.4 -4.30787397994747
8.0 47.2 -2.0851687095083626
8.0 47.1 -3.375167717708365
8.0 47.0 -2.9282090957170652
8.0 46.9 -4.428209095717065
8.0 46.7 -4.1589826784236195
8.0 46.6 -5.8889860354236205
8.0 46.5 -5.617328194243186
8.0 46.4 -7.417327431343182
8.0 46.3 1.0209521613589345
8.0 46.2 -0.5090466179410669
8.0 46.2 3.7389617222088987
8.0 46.1 2.368958975608898
8.0 46.1 2.368958975608898
8.0 46.0 1.0189605015089
5.8 45.8 -2.303498557154178
5.9 45.8 -3.093495657954179
14.7 45.8 -0.6374064122261416
14.8 45.8 -0.2674074803261419
7.0 45.8 -2.3139112120720213
10.0 45.8 8.917405191526086
10.1 45.8 8.797406259626086
10.3 45.8 4.722179864756022
10.4 45.8 4.722179864756022
11.6 45.8 8.521317319098046
11.7 45.8 8.651314572498045
5.6 47.9 3.283255544987444
5.7 47.9 3.4632558500874424
5.9 47.9 4.515880622974063
6.0 47.9 4.615881004474062
6.2 47.9 3.270631687600826
6.4 47.9 3.4606322217008234
6.5 47.9 3.5406321454008243
6.6 47.9 2.808007067314204
6.7 47.9 2.8580082117142034
7.6 47.9 0.9727579793410221
7.7 47.9 0.8427588186410233
8.3 47.9 -5.192989131978635
8.4 47.9 -5.492988369078635
13.0 47.9 2.9368788059669626
13.1 47.9 3.0368772800669603
13.2 47.9 3.1468778904669605
13.3 47.9 3.256878500766959
13.5 47.9 3.5168768222669584
13.6 47.9 3.65687621196696
13.9 47.9 6.524751522426762
14.0 47.9 6.714750149126761
14.1 47.9 6.90475068312676
14.2 47.9 7.1047514461267625
12.0 47.7 1.6652916140375567
12.0 47.6 3.376544027323213
12.0 47.5 1.6565428066232144
12.0 46.7 0.4925439590341796
12.0 46.6 9.772542738334181
12.0 46.5 8.53494917350465
12.0 46.4 10.104948868404648
12.0 46.3 5.847087523057809
12.0 46.2 6.977084776457815
12.0 46.2 4.406813944140509
12.0 46.1 5.346816385540507
12.0 45.0 -13.811107412595199
12.0 44.9 -14.251106039295195
12.0 43.4 37.15766664433925
12.0 43.3 37.72766633923925
12.0 43.6 16.662127102559978
12.0 43.5 30.922127331459983
12.0 43.7 10.163256334620868
12.0 43.6 9.843256639820865
12.0 43.8 6.772709244931356
12.0 44.0 7.691038111280967
12.0 45.4 -6.145523171714331
12.0 45.3 -6.325523476914334
12.0 45.3 -7.026506431182703
12.0 45.2 -7.296503074182702
6.7 44.4 6.221729795720137
6.8 44.4 5.891727964620138
6.9 44.4 11.77345760774022
7.0 44.4 11.63345821814022
7.1 44.4 13.960702195413603
7.2 44.4 14.0107014325136
14.9 44.4 15.131729643120138
14.6 44.4 13.219316306428993
13.7 44.4 6.457245045473378
13.8 44.4 6.707245045473378
8.6 44.4 -4.028288401022454
8.7 44.4 -3.5582871803224556
9.8 44.4 -26.443115226904744
9.9 44.4 -26.13311766830474
9.5 44.4 -24.585872470331367
9.4 44.4 -1.9158743014313657
9.2 44.4 -1.7358739962313656
9.3 44.4 -1.7758730044313644
8.8 44.4 -3.980702653213598
8.9 44.4 -3.6907017377135993
5.9 43.7 -1.2066529860304094
6.0 43.7 -1.626651154930407
7.7 43.7 -8.763304446160763
7.8 43.7 -7.84330627716076
8.3 43.7 0.3944706955443351
8.4 43.7 0.6644692459443355
9.7 43.7 4.697796044059512
9.8 43.7 4.437795815159511
10.0 43.7 2.250021894254413
10.1 43.7 1.9100217416544147
10.3 43.7 0.33613333165189374
10.4 43.7 -0.10386720244810377
11.1 43.7 6.666673964784767
6.0 47.9 1.3833137374797388
6.0 47.9 1.6412838358457407
6.0 47.8 1.49128421734574
6.0 47.6 2.569103586841752
6.0 47.5 2.5470749059077527
6.0 47.4 2.2370735326077558
6.0 47.3 3.196924100737764
6.0 47.2 2.8469256265377645
6.0 47.2 2.8469256265377645
6.0 47.1 2.4969252451377635
6.0 47.2 2.330985429805761
6.0 47.1 1.9809850484057598
6.0 43.9 -11.704462928539876
6.0 43.8 -10.664462012939872
6.0 44.0 -12.397218178387192
6.0 43.9 -11.457219551687196
6.0 44.4 -3.614022995763584
6.0 44.3 -3.154023911263579
6.0 44.5 -1.44953425835822
6.0 44.4 -1.1195362420582242
6.0 46.8 -1.0167592023394896
6.0 46.7 -1.5367596600394897
6.0 46.7 -2.37374609924748
6.0 46.6 -2.953746022947481
6.0 46.6 -2.535252803343493
6.0 46.5 -3.1452515063434916
6.0 46.4 -3.1575129739374965
6.0 46.3 -3.837511371837497
6.0 46.1 -6.197513889537497
6.0 46.0 -6.927513431737495
5.4 46.5 -2.6437759886700043
7.6 46.5 -7.895084940670586
7.7 46.5 -8.615086161370584
9.1 46.5 -16.022787327642213
9.2 46.5 -16.642790074242214
9.6 46.5 -7.805407825743316
9.7 46.5 -8.305407825743316
9.9 46.5 -4.480814583386625
10.0 46.5 -4.920817024786622
10.2 46.5 -11.319507691286105
10.3 46.5 -11.7295075386861
14.9 46.5 0.06130841800057851
14.5 46.5 1.0536049628288922
14.6 46.5 1.3936051154288975
13.1 46.5 1.3381972896855814
13.2 46.5 1.6581969844855848
12.8 46.5 3.5645911061566906
12.9 46.5 3.8745924794566875
12.5 46.5 3.448689903499478
12.6 46.5 3.7386908190994745
12.3 46.5 8.447382858898898
12.4 46.5 8.717379501898897
14.0 44.9 4.854506938728349
14.0 44.8 4.894507854228351
14.0 45.0 1.552372188324945
14.0 45.2 2.5061037979413925
14.0 45.1 2.536106391941388
14.0 45.4 2.235169674787265
14.0 45.3 2.2451718110872676
14.0 46.1 16.70025577807956
14.0 46.0 16.85025730397956
14.0 46.2 16.47025623587956
14.0 46.1 16.70025577807956
14.0 46.5 7.599717123989208
14.0 46.4 8.169716818789212
14.0 46.9 -4.6702833338107865
14.0 46.8 -5.570284859710789
14.0 47.2 2.98131352540225
14.0 47.1 1.5013139832022517
14.0 47.9 8.029197731417941
14.0 46.0 15.09372164650081
14.0 45.9 15.193720120600808
5.1 43.7 -2.4399786397455863
5.7 43.7 -5.873867660148104
5.8 43.7 -6.333866744648105
6.3 43.7 -2.606654511930408
8.1 43.7 -3.4310817239658
7.4 43.7 -6.973866134248105
7.5 43.7 -6.353867202448104
14.9 43.7 13.544989129122737
5.2 46.5 -2.203775454570007
5.3 46.5 -2.3937759886700043
5.8 46.5 -3.863775301970005
5.9 46.5 -4.213775683470004
6.1 46.5 -1.837380341198898
6.4 46.5 -1.639184348513318
6.7 46.5 -4.013281009656112
6.8 46.5 -4.583280704456108
7.0 46.5 -5.74328055185611
7.3 46.5 -7.523283145856105
7.4 46.5 -8.143282077756112
7.9 46.5 -10.759183280313316
8.0 46.5 -11.43918358551332
8.2 46.5 -9.70278763284221
8.3 46.5 -10.44278931134221
8.5 46.5 -10.364590343156685
8.6 46.5 -11.134590800956687
8.9 46.5 -14.782789463942208
9.0 46.5 -15.412790532042209
9.4 46.5 -17.81278824324221
9.5 46.5 -18.392790074242214
13.9 46.5 -0.8963958000711045
14.0 46.5 -0.5863944267711076
13.8 46.5 1.1659004396572072
13.9 46.5 1.4859001344572107
13.4 46.5 1.4940994077427874
13.5 46.5 1.8040969663427902
9.0 47.9 -4.325599839171645
9.0 47.8 -4.9356004494716466
9.0 47.8 -2.9972218490307476
9.0 47.7 -3.7272213913307475
9.0 47.7 -1.7888427908898485
9.0 47.6 -2.6888424093898493
9.0 47.5 -3.04195035792452
9.0 47.4 -4.261951578624519
9.0 47.4 -4.019654253569399
9.0 47.3 -5.339653948369396
9.0 47.2 -4.413473469317175
9.0 47.1 -5.9834731641171715
9.0 47.1 -3.136839442232059
9.0 47.0 -4.826838068932062
9.0 47.0 -4.157041899076745
9.0 46.9 -5.967043272376742
9.0 46.9 -5.632145187449083
9.0 46.8 -7.582142135649086
9.0 46.6 -0.3056078585086368
5.1 45.1 -0.1642489097851545
5.2 45.1 0.047957450804403834
5.3 45.1 -0.572045295795597
6.1 45.1 0.39779424971044364
6.2 45.1 -0.4322037665895593
6.3 45.1 1.024407380679122
6.4 45.1 0.09440707547911842
6.7 45.1 -2.0633854957313247
6.9 45.1 -1.636773127662643
7.0 45.1 -2.346772212162641
7.2 45.1 0.6442484520851508
7.3 45.1 0.26424738398515757
7.5 45.1 36.56967825171201
9.8 45.1 -7.167636847016475
9.9 45.1 -7.157634710716479
10.4 45.1 -3.528818118358238
10.5 45.1 -3.378816592458236
10.7 45.1 -3.028818118358238
10.8 45.1 -2.838815676858239
11.3 45.1 0.5977950126104403
11.4 45.1 0.8277945549104402
