17.0 46.4 0.18828505932986417
17.0 46.3 0.9615184730298623
17.0 46.5 -0.04294646833083959
17.0 46.4 0.7093442573691604
17.0 46.6 -0.7106520042308411
17.0 46.5 -0.04294646833083959
17.0 49.8 0.5913784999941853
17.0 49.7 -0.31484536483866776
17.0 49.6 -0.0773880894386636
7.0 48.6 5.836663070159869
7.1 48.6 6.059386077359868
7.2 48.6 1.4747715994757549
7.3 48.6 1.599844078775753
7.4 48.6 -1.4941581431802646
7.5 48.6 -1.4604076090802636
7.7 48.6 -2.294384467694254
7.8 48.6 -2.3576245189942533
8.5 48.6 -3.766352277808302
8.6 48.6 -3.828894239508301
9.0 48.6 -4.806170200822294
9.1 48.6 -4.852591251822293
9.5 48.6 -4.3525548992083
9.9 48.6 -6.497431605336338
10.0 48.6 -6.677983134236339
21.3 48.6 0.3851548239757534
21.4 48.6 0.30226717447575524
20.1 48.6 -2.575038810024246
20.2 48.6 -2.279279609024247
4.3 47.9 3.246251496607101
4.4 47.9 3.2958292096071027
5.2 47.9 1.4314805868473002
5.3 47.9 1.519628703847303
7.9 47.9 0.21917216394102468
8.0 47.9 0.09713999844102261
8.1 47.9 -4.798249980978635
8.2 47.9 -4.948356410978636
8.6 47.9 -5.591602108078636
8.7 47.9 -5.756534358978637
8.9 47.9 -4.515107750305397
9.0 47.9 -4.700164436705396
9.2 47.9 0.4299963879008253
9.4 47.9 -1.6608641196723575
9.5 47.9 -1.9536078025723569
9.7 47.9 -2.623630767072356
9.9 47.9 -3.398607497372357
10.0 47.9 -3.8182528068723585
10.3 47.9 -5.147220854972357
10.4 47.9 -5.59344125287236
10.5 47.9 -4.446531398299179
10.6 47.9 -4.869459254799175
10.8 47.9 -7.233009581772357
10.9 47.9 -7.578575377672358
11.1 47.9 -5.788332971312556
11.2 47.9 -6.027136834812559
11.4 47.9 -5.606739005925938
11.8 47.9 -2.0822683245928957
12.0 47.9 -3.0540806431795176
12.1 47.9 -3.16239134267952
12.3 47.9 -3.453612961279518
12.4 47.9 -3.6462742466795177
12.8 47.9 -2.3528503828196605
14.3 47.9 -3.8723968916196583
14.4 47.9 -3.762411540019656
14.6 47.9 -2.062004371046477
14.7 47.9 -2.0728228524464782
15.4 47.9 0.12512207030000155
15.5 47.9 0.04489135739999739
15.7 47.9 0.9157171953865628
15.1 47.9 -4.938321606506278
15.2 47.9 -5.11727286990628
21.7 47.9 5.658007730460682
21.8 47.9 5.496419061660681
21.2 47.9 5.7640067233606835
21.3 47.9 5.830941308960682
20.5 47.9 0.769748444327643
19.9 47.9 0.8649204432142064
20.0 47.9 0.961994951814205
18.9 47.9 1.0543985045874429
19.0 47.9 1.210431066787443
17.7 47.9 0.6407365477874443
17.8 47.9 0.7005262053874439
19.1 47.9 1.3753328001874436
19.2 47.9 1.5416249907874437
17.0 47.9 -4.511125807972359
23.0 49.1 13.699031557474065
23.0 49.0 14.199599947374068
23.0 50.2 -20.430404429279456
23.0 50.1 -19.478790049379462
23.0 50.5 -20.923308015057117
23.0 50.4 -20.00327169915711
23.0 49.3 10.615878676520857
23.0 49.7 -4.729540940336783
23.0 49.6 -4.142764206936782
23.0 50.3 -19.82366721006455
23.0 50.2 -18.84131781426455
20.0 48.8 -4.005388518530356
20.0 48.7 -3.0186979973303565
20.0 48.9 -5.880350838203711
20.0 48.8 -4.806648979603711
20.0 49.3 -10.770703766660397
20.0 49.2 -9.921208832560396
20.0 49.6 -5.269395194890315
20.0 49.5 -5.283681236190311
20.0 49.8 -3.0763050098803078
20.0 49.7 -3.7217098255803123
20.0 50.0 -2.3724034651903096
20.0 49.9 -3.3975423200903094
20.0 50.2 2.0822926824296957
20.0 50.1 1.0938054388296976
20.0 50.3 2.493361365493044
20.0 50.2 1.6816624518930468
20.0 49.7 -3.321079595043635
20.0 49.6 -3.666874272743634
2.7 44.4 -1.2837742841668422
2.8 44.4 -1.297074226166842
3.3 44.4 -1.9689022356579855
3.8 44.4 -1.3965011889579877
3.9 44.4 -1.2629867846579863
4.1 44.4 -0.24015131356684094
4.4 44.4 2.2946770448064804
5.0 44.4 -3.422984203840219
5.1 44.4 -3.8254404874402184
5.2 44.4 -0.35319657318460784
5.3 44.4 -0.9340452670846062
5.6 44.4 -0.06284765462013553
5.9 44.4 -2.1868723062289916
6.0 44.4 -3.1975000528289925
6.2 44.4 -0.320271924782233
6.3 44.4 -1.116548017382236
6.5 44.4 2.4984463764644715
12.0 51.0 -5.448290569898816
12.0 50.9 -5.478085262898816
12.0 50.9 -2.7413883332793034
12.0 50.8 -2.8203220491793033
12.0 50.7 -2.024039370006143
12.0 50.6 -2.1613036217061428
12.0 50.5 -2.0744980619378524
12.0 50.3 -0.47820955919150165
12.0 50.0 0.16867219281336787
12.0 49.9 0.2502094395133696
12.0 49.9 -1.346197102764691
12.0 49.8 -1.2277393085646935
12.0 49.7 -2.2257453026061427
12.0 49.4 -2.046278068754088
12.0 49.3 -2.6727238128729525
12.0 49.2 -2.655963940472951
12.0 49.1 -4.557184192623232
12.0 49.0 -4.198781957810656
12.0 48.9 -4.366420736510655
12.0 48.8 -4.592946996910655
12.0 48.7 -2.321500864441507
12.0 48.6 -2.660766687741507
12.0 48.5 -1.8986874923100956
12.0 48.4 -2.3652421340100958
12.0 48.3 1.2690159799030738
12.0 48.2 0.6299550057030743
12.0 48.1 4.527518766328775
12.0 48.0 3.6606898478287775
12.0 47.9 -0.5842135949592233
12.0 47.8 -1.704346041259221
12.0 47.4 2.012376061008858
12.0 47.3 0.642464867208858
12.0 47.3 5.315684562331228
12.0 47.2 15.493359558481018
12.0 47.1 14.382985107781018
12.0 47.0 14.896420285117728
12.0 46.9 14.281765744117727
12.0 46.8 13.51130504170549
12.0 46.7 13.537828631805489
12.0 46.1 -1.181325597020674
12.0 46.0 0.01306756097933004
12.0 45.9 -2.13404453250633
12.0 45.8 -3.6737977867236253
12.0 45.7 -2.739692867323626
7.0 50.0 0.22109151993386433
7.1 50.0 0.5851109139338639
10.6 50.0 -1.6164923035125582
10.7 50.0 -1.746119531312555
10.8 50.0 -2.6403714251991772
10.9 50.0 -2.7154141497991766
11.2 50.0 -2.8194371294991747
11.4 50.0 -3.621344739285796
11.5 50.0 -3.6183749974857946
12.1 50.0 -2.028731378312557
12.3 50.0 -2.8369961809991757
12.4 50.0 -2.8501397204991754
13.1 50.0 -3.999356442785796
13.2 50.0 -4.107949429885796
13.3 50.0 -5.023039107472357
13.4 50.0 -5.157539611072359
5.0 43.5 2.0731438230898362
5.0 43.4 2.9546059202898363
5.0 44.1 -2.338109152310164
5.0 44.0 -2.199387686310164
5.0 44.3 -1.4627304943145845
5.0 44.2 -1.382045832514585
5.0 44.4 -0.37847153721846283
5.0 44.3 -0.29186074311846255
5.0 44.7 1.3374158080499114
5.0 44.6 1.494318121349913
5.0 44.9 0.9925461944499112
5.0 44.8 1.166050070149911
5.0 46.2 0.8559265879585354
5.0 46.1 0.7881928233585356
5.0 46.4 -1.8327983928382139
5.0 46.3 -1.8831123424382135
5.0 46.7 -4.253821232443592
5.0 46.6 -4.302300312643592
5.0 46.9 -0.19153419958985296
5.0 47.2 -1.1287076931628128
5.0 47.7 -0.5547130985342186
5.0 47.6 -0.4298141880342179
5.0 48.0 2.595317097687289
5.0 47.9 2.8191463671872867
5.0 48.1 1.0256498213443948
5.0 48.0 1.2809160108443969
5.0 47.4 -2.252207749498549
10.0 50.9 -3.909789450642794
10.0 50.8 -3.852740653042794
10.0 50.8 -3.606021445788379
10.0 50.7 -3.5670142588883778
10.0 46.8 -1.6563793648845078
10.0 46.7 -2.3005329598845066
10.0 46.9 -3.8790783551911616
10.0 46.8 -5.176647630091161
10.0 47.0 -5.570748597997813
10.0 47.2 -1.87856956393599
10.0 47.1 -4.318675002235992
10.0 47.3 -4.7995406437189985
10.0 47.2 -7.318984155618999
10.0 47.5 -1.6163450164492943
10.0 47.4 -3.9308172149492933
10.0 48.0 -0.10874418992442259
10.0 47.9 -1.057934329724425
10.0 48.1 -1.0069351289547193
10.0 48.0 -1.7088661286547193
10.0 48.3 -1.4841571611389597
10.0 48.2 -1.7978416246389592
10.0 48.5 -1.557557555885019
10.0 48.4 -1.6289572446850187
10.0 48.7 -2.569287442223196
10.0 48.6 -2.5195151796231947
10.0 48.8 -3.2874192560153155
10.0 48.7 -3.2093362177153146
10.0 49.0 -5.079588313845612
10.0 48.9 -4.98029555874561
10.0 49.3 -5.716902053991671
10.0 49.8 -2.8464216916850162
10.0 49.7 -2.707652541885018
10.0 49.9 -2.9809508053850173
10.0 49.8 -2.8464216916850162
10.0 46.1 -0.47316813302314387
10.0 46.0 0.5041152977653809
10.0 45.9 3.1684753441653797
10.0 45.8 0.08119493915324938
10.0 45.7 1.7583532949532454
10.0 45.7 2.139311861475541
10.0 45.6 3.16314227527554
10.0 45.6 3.16314227527554
10.0 45.5 3.52355296557554
4.0 43.6 -1.3033404666775077
4.0 43.5 -0.4933562595775065
4.0 44.6 1.4520343547608547
4.0 44.5 1.5448344951608561
4.0 45.7 -8.331254107426812
4.0 45.6 -8.47916708662681
4.0 45.9 -3.378408951776372
4.0 45.8 -3.5221448373763735
4.0 46.0 -0.266039430804927
4.0 45.9 -0.32204872340492585
4.0 47.6 2.889623703184153
4.0 47.5 3.1513481751841503
4.0 47.7 1.8326473371845289
4.0 47.6 2.0979614393845303
4.0 47.1 1.5315250414353692
4.0 47.0 1.7274803179353704
4.0 47.9 0.3720644812622993
4.0 47.8 0.6412447791622995
18.0 45.4 -1.3457121963756364
18.0 45.3 -2.0033698196756333
18.0 46.4 1.2962869580451475
18.0 46.3 2.0818036969451477
18.0 46.9 -0.7475380282549544
18.0 46.8 -0.30099910315495393
18.0 47.1 -1.4663664126549527
18.0 47.0 -1.4161573672549537
18.0 47.4 5.182946319457514
18.0 47.3 4.736725921457513
18.0 47.8 10.769870782078293
18.0 47.7 10.190940880978292
18.0 48.4 -6.837207736621849
18.0 48.3 -6.477531375521849
18.0 48.5 -3.7601079547132237
18.0 48.4 -3.190752943713221
18.0 49.1 6.732571977718763
18.0 49.0 7.673379320318759
18.0 49.2 1.593137959739778
18.0 49.1 2.402406911139778
18.0 49.4 -1.3429892169145248
18.0 49.3 -0.8754026996145257
18.0 50.0 -5.111979715423153
18.0 49.9 -5.260119669023155
18.0 50.3 -6.184629126820667
18.0 50.2 -6.373819037720665
12.5 43.0 14.890711415193913
12.6 43.0 14.046181309693914
11.0 47.6 -0.7798658760958403
11.0 47.5 -2.6932150276958424
11.0 47.8 -2.3390704133771223
11.0 47.7 -3.913094613777126
11.0 48.1 -0.2748403001432038
11.0 48.0 -1.2234486986432032
11.0 48.2 -0.6733854420482679
11.0 48.1 -1.440788090948267
11.0 48.5 -4.54629537435158
11.0 48.4 -4.93580839005158
11.0 48.9 -2.2325443015855164
11.0 48.8 -2.380472539585515
11.0 49.1 -4.214160099834611
11.0 49.5 -0.15296521961435872
11.0 49.4 0.09557184398564189
11.0 49.6 0.25935293606867305
11.0 49.5 0.5466034548686736
11.0 49.7 0.6598226420517328
11.0 49.0 -2.7087110913517733
11.0 48.9 -2.7995409405517755
11.0 50.5 0.18698358330655296
11.0 50.4 -0.09086752139344512
11.0 50.6 -0.33777150146510593
11.0 50.5 -0.6286707782651071
11.0 50.7 -0.8906008508367655
11.0 50.6 -1.153425863036766
13.0 46.1 -2.4545765618285174
13.0 46.0 -1.95898253712852
13.0 46.2 -1.0946206242488046
13.0 46.1 -0.5632180363488004
13.0 46.3 -1.259272037797757
13.0 46.2 -0.6743187296977595
13.0 46.4 -1.8991226542977557
13.0 46.3 -1.259272037797757
13.0 46.5 -2.1568488663467136
13.0 46.4 -1.4788207597467107
13.0 46.6 -1.3677914420180528
13.0 46.5 -0.6857922354180559
13.0 46.7 -0.9542589956404441
13.0 46.6 -0.3170367056404402
13.0 47.7 -1.7357969586306083
13.0 47.6 -3.224841148030606
13.0 47.9 0.33348465876730415
13.0 47.8 -1.0826492218326962
13.0 48.1 1.82545762136521
13.0 48.0 0.760272074565215
13.0 48.3 0.31178752875838
13.0 48.2 -0.27603824634162066
13.0 48.5 -0.2427524350175645
13.0 48.4 -0.39695775721756377
13.0 48.7 -0.15436794074238236
13.0 48.6 -0.03609706674237856
13.0 48.9 -1.8034302466934946
13.0 48.8 -1.6118828528935012
13.0 49.3 3.1818303600110056
13.0 49.2 3.062472297311004
13.0 49.4 0.22806840938319084
13.0 49.6 -1.5024330640190584
13.0 49.5 -1.9676506543190584
13.0 49.8 -2.4943941561709337
13.0 50.0 -1.3167398897709361
13.0 49.9 -1.8913362947709373
13.0 50.2 -1.4517604291468835
13.0 50.1 -1.8710032880468823
13.0 50.4 -3.290532681673948
13.0 50.3 -3.485143277373947
13.0 50.6 -4.283413786249881
13.0 50.5 -4.27134026944988
15.0 50.2 -2.7203778171177326
15.0 50.1 -3.1020344638177306
15.0 49.9 0.3291398866709443
15.0 49.8 -0.22960263652905155
15.0 49.1 -3.3055179683298093
15.0 49.0 -3.460520562329812
15.0 48.9 -4.110668963628299
15.0 48.8 -4.1120079224282975
15.0 48.7 -2.331229008632832
15.0 48.6 -2.323817051832833
15.0 48.6 -0.2750852142381177
15.0 48.5 -0.32786155093811686
15.0 48.1 -1.8802650057373569
15.0 48.0 -2.398518332137357
15.0 47.9 -1.7331969628404096
15.0 47.8 -2.1566855797404045
15.0 46.3 -0.3001506180543103
15.0 46.2 -1.0468776077543112
15.0 45.8 -9.069029951149346
15.0 45.7 -9.917647504849349
15.0 45.6 -8.82362480353624
15.0 45.5 -9.23466224863624
15.0 45.4 -10.413762483383763
15.0 44.7 2.873293510704592
15.0 44.6 3.4867159045045923
15.0 44.5 8.69708209176845
15.0 44.4 9.315261413068448
15.0 44.3 12.262857455250384
15.0 44.2 12.945375460650382
10.0 46.7 -0.3803866334081505
10.0 46.6 -0.2906229921081547
10.0 47.7 0.04050651662829097
10.0 47.6 -1.7708414447717118
10.0 47.8 -0.36237067534806755
10.0 47.7 -1.8796398098480651
10.0 49.2 -4.967070105899552
10.0 49.1 -4.861881736199553
10.0 46.4 -3.1557318161390455
10.0 46.3 -0.974854130639045
10.0 46.3 -3.879646963250522
10.0 46.2 -1.2494093838505265
10.0 45.9 1.073203228292762
10.0 45.8 3.3193427545927676
10.0 43.9 -1.3450386433003239
10.0 44.1 -1.8514925501821438
10.0 44.0 -0.334520962082145
10.0 44.2 -3.9586043687594064
10.0 44.1 -2.304324659859404
9.0 49.0 -1.9711863491062864
9.0 48.3 -0.3899670195858391
9.0 48.2 -0.4231548857858378
9.0 49.7 -2.9192239541716454
9.0 49.6 -2.893034150071646
9.0 46.7 -7.996559960934178
9.0 46.6 0.7618167263764803
9.0 46.5 1.0782840115764785
9.0 46.4 4.83105801589776
9.0 46.3 7.911945216508393
9.0 46.2 10.158313624708391
9.0 45.9 16.85320789446802
9.0 45.8 18.79152423966802
9.0 45.8 17.22909881481705
9.0 45.7 18.60151626481705
9.0 45.6 13.440484857305094
9.0 45.5 13.592855310205096
9.0 43.4 15.379743620369883
5.0 47.2 -2.0255851258329507
5.1 47.2 -2.13114352123295
5.9 47.2 -1.7749437829433923
6.0 47.2 -1.7294001122433933
6.1 47.2 -1.660548641343393
6.2 47.2 -1.5730757256433918
7.1 47.2 -7.465897966859867
7.2 47.2 -7.593291689459868
7.6 47.2 -7.050281937580749
7.7 47.2 -7.436399872680749
7.9 47.2 -7.54673760999119
8.2 47.2 -9.955517228080751
8.3 47.2 -10.547504837880751
8.6 47.2 -11.63505738839119
8.7 47.2 -12.28322023019119
8.9 47.2 -11.216619916622513
9.0 47.2 -11.871546216722514
9.2 47.2 -11.581288768843393
9.3 47.2 -12.214387371143395
10.0 47.2 -11.415110083806034
10.1 47.2 -11.885256263006035
10.3 47.2 -9.5539440956478
10.4 47.2 -9.913216098847798
10.6 47.2 -12.069486119926914
11.3 47.2 -12.961776709016476
11.4 47.2 -12.750450109916478
11.8 47.2 -5.4118194579999965
11.9 47.2 -5.203849792500002
12.4 47.2 -9.091946109847797
12.7 47.2 -7.525158876079118
12.8 47.2 -7.875699037179118
15.0 47.2 -3.4763655449269137
15.1 47.2 -3.1650824333269156
19.0 46.1 -5.731806927130204
19.0 46.0 -5.871257000330203
19.0 46.2 -4.244909559865068
19.0 46.1 -4.287618910465067
19.0 46.7 1.5071923912512482
19.0 46.6 1.917257088451251
19.0 46.8 2.0965669972977743
19.0 46.7 2.5387552602977728
19.0 47.6 3.528296340455931
19.0 47.5 3.5473412165559317
19.0 48.8 -2.142402798847723
19.0 48.7 -1.2041856357477236
19.0 49.2 6.253098701369389
19.0 49.5 -0.535836025766514
19.0 49.4 -0.249649807566513
19.0 49.7 -6.0944641996902575
19.0 49.6 -6.254032986290262
19.0 49.9 -4.545629847975352
19.0 49.8 -5.02009426447535
19.0 50.2 -0.8663962969753456
19.0 50.1 -1.414575923475347
3.0 43.6 1.3077050344383352
3.0 43.5 1.9284707204383338
3.0 43.4 6.03893015594376
3.0 43.9 -3.839829076274061
3.0 43.8 -3.7710004934740624
3.0 44.0 -2.1861726680136044
3.0 43.9 -2.257108871013603
3.0 44.2 -0.592499072822136
3.0 44.4 -0.6050671061911288
3.0 44.3 -0.7523868998911283
3.0 45.2 -2.7837200882050723
3.0 45.1 -2.8338013413050724
3.0 45.3 -1.9773340213670885
3.0 45.2 -2.080288885867091
3.0 45.5 -2.008849656136082
3.0 45.4 -2.1824164743360797
18.0 48.6 -2.9226708694157217
18.0 48.5 -2.164783982815724
18.0 48.7 -4.743260168842866
18.0 48.9 -7.483761748013222
18.0 48.8 -6.435717543313224
18.0 49.8 -3.784760296725622
18.0 49.7 -3.8510559205256243
18.0 49.9 -4.576409395352783
18.0 49.8 -4.696373994952779
18.0 50.1 -5.862021910950297
8.0 48.7 0.25497429881093225
8.0 46.9 -6.02831184569316
8.0 46.8 -8.089934465293162
8.0 46.4 -3.1092432511019226
8.0 46.3 -2.9158113969019226
8.0 45.9 15.242969201034747
8.0 45.8 19.451340649531566
8.0 45.7 22.442706082231563
8.0 45.6 32.74702240873029
8.0 45.5 34.99952866483029
8.0 43.9 -5.486662131069714
8.0 43.8 -3.972000342069716
8.0 44.0 -5.518041170369717
8.0 43.9 -4.1332354910697156
8.0 44.2 -4.137187120293163
8.0 44.1 -3.2037574022931636
6.0 47.4 0.04623854827176288
6.0 47.3 -0.13908135222823859
6.0 48.9 5.4742009546198425
6.0 48.8 5.961097469519842
6.0 43.5 -3.184610281544206
6.0 43.4 -2.449336920344205
6.0 43.7 -4.766255238349565
6.0 43.6 -4.263626911949565
6.0 43.8 -8.723645638087195
6.0 43.7 -8.227662514287196
6.0 44.7 4.309564270081509
6.0 44.9 4.618512520304066
6.0 44.8 5.180070290104069
6.0 45.0 4.359481554971822
6.0 44.9 4.651591998071822
6.0 45.1 2.913957101501964
6.0 45.0 2.9311537568019617
6.0 45.3 -1.5643209572044867
6.0 45.2 -2.035313999204483
6.0 45.4 -2.6292073343732696
6.0 45.3 -3.295024595173274
6.0 45.6 -8.031679508701217
6.0 45.5 -8.975443241601212
6.0 45.7 -7.9950411387119615
6.0 45.6 -9.020653016111964
6.0 45.8 -7.373870384523492
6.0 45.7 -8.443423759823496
6.0 46.0 -5.883705550929491
6.0 45.9 -6.926491195429492
6.0 46.3 -3.900348044435489
6.0 46.2 -4.655831671835486
6.0 43.2 -2.5943254295968856
6.0 43.1 -1.2067006889968823
6.0 43.3 -2.0064819839495627
6.0 44.6 3.31207815558151
6.0 44.5 4.449395813081516
11.0 43.4 -4.515909273330891
11.0 43.3 -3.361660082130893
11.0 43.5 -6.496101711095648
11.0 43.7 -10.187794316660419
11.0 44.0 -13.234374538239699
11.0 43.9 -11.8926234396397
11.0 44.2 -2.416692895182848
11.0 44.1 -1.588617486182848
11.0 44.8 10.207747122044474
11.0 44.7 8.846838613744474
11.0 44.9 12.36260691820923
11.0 44.8 10.853745376409229
11.0 45.3 12.44980483699712
11.0 45.2 11.594255978397118
11.0 45.4 13.355465896738433
11.0 45.3 12.953591354438434
11.0 45.6 22.592895540564886
11.0 45.5 23.300901445764886
11.0 45.7 21.552794704485542
11.0 45.6 22.844788799285542
11.0 45.8 19.713574657485545
11.0 45.7 21.552794704485542
11.0 46.4 0.10183903939298489
11.0 46.3 2.5149898266929895
11.0 46.5 -0.8583355212070103
11.0 46.4 1.1018390393929849
11.0 46.6 -1.4919743968797334
11.0 46.5 -0.0875096752797333
11.0 46.7 -0.266794910414454
11.0 46.6 0.523171672885546
11.0 46.8 1.8372576626714903
11.0 46.7 2.000244418071496
11.0 46.9 4.537036249057444
11.0 46.8 4.10429699115744
11.0 47.4 -0.49763785019759155
11.0 47.3 -2.5064955771975903
11.0 47.5 1.0378179028803771
11.0 47.4 -0.9640169665196225
11.0 49.3 -2.279735921485514
11.0 49.2 -2.160494206985515
11.0 48.7 -3.047025987507517
11.0 48.6 -3.3000052661075188
11.0 48.4 -1.6711545757973916
11.0 48.3 -2.1589361004973924
11.0 47.9 -1.674701709860173
11.0 49.9 1.1243293538569716
11.0 49.8 1.3542220846569748
11.0 50.0 0.3599301201782268
11.0 50.9 -1.2102559745155261
11.0 50.8 -1.306676262515527
11.0 45.9 17.65916679920621
11.0 45.8 19.965467916206215
11.0 46.0 14.501720461264888
11.0 45.9 17.155380281764884
11.0 46.1 10.644179469782244
11.0 46.0 13.494147426382249
7.8 49.3 -3.952726877522455
7.9 49.3 -3.8389420875224545
8.7 49.3 -8.620782496260357
10.5 49.3 -0.8835209882668416
10.6 49.3 -0.9620713269668393
12.6 49.3 -5.230029707657984
12.7 49.3 -5.741065626757987
16.7 49.3 0.2860497584621555
16.8 49.3 0.1675576320621559
17.4 49.3 0.6917251257443837
17.8 49.3 -2.8672681258201393
17.9 49.3 -2.8794064925201397
18.2 49.3 -4.354860302102374
18.3 49.3 -4.2988719903023735
19.3 49.3 0.45293149213553363
19.8 49.3 -1.1380249353556167
19.9 49.3 -1.1635757776556162
20.3 49.3 -2.9273050454289944
20.7 49.3 -0.5337553867378446
20.8 49.3 -0.058295334237847385
21.0 49.3 6.408279418900001
21.1 49.3 6.8237228393999985
22.1 49.3 -5.4022136980579845
22.2 49.3 -5.6856647784579835
3.8 47.2 2.5101514198148465
4.3 47.2 1.6829834350252852
4.4 47.2 1.637567556725287
4.7 47.2 -2.5287384469225103
5.4 47.2 -0.04488988736427402
5.5 47.2 -0.11812444546427159
5.6 47.2 -0.9644689133538336
5.7 47.2 -0.9962396195538332
6.5 47.2 -1.2582335015433905
6.6 47.2 -1.1621317406433924
6.8 47.2 -4.205630721401629
6.9 47.2 -4.19195312430163
9.6 47.2 -11.651601754874712
9.7 47.2 -12.220579110774715
10.9 47.2 -13.284145330816479
11.0 47.2 -13.295734381116475
11.6 47.2 -7.4955530105791155
11.7 47.2 -7.236451142879119
13.1 47.2 -7.275760650599999
13.2 47.2 -7.4985809325999995
13.4 47.2 -5.26456500013132
13.5 47.2 -5.15709734873132
13.7 47.2 0.21125647660603875
13.8 47.2 0.7138886178060346
14.2 47.2 -1.0700192543313207
14.4 47.2 -0.9344496757104395
14.5 47.2 -0.1086440117104388
14.7 47.2 -1.8190035728686809
14.8 47.2 -1.2171969322686778
15.4 47.2 -9.770061444232951
15.5 47.2 -9.662605236932954
15.7 47.2 -9.411273907532951
15.8 47.2 -9.22174448863295
16.0 47.2 -7.8499273797433915
16.1 47.2 -7.444615795243394
16.4 47.2 -7.421781965022511
16.5 47.2 -6.812113233322513
17.8 47.2 -7.276769577191189
17.9 47.2 -7.49495500199119
18.2 47.2 -8.42219584748075
18.4 47.2 -7.115575729491191
18.5 47.2 -6.66611093149119
18.9 47.2 3.162708792814847
19.0 47.2 3.9200902320148465
20.0 47.2 11.993489757552204
20.1 47.2 11.883571163152201
20.3 47.2 11.637219921052203
22.0 47.2 7.391702202593965
7.0 49.0 2.4183951960256955
7.0 48.9 2.935868416825695
7.0 48.9 0.3115986606807546
7.0 48.8 0.7872647067807534
7.0 48.4 -5.157120513932949
7.0 48.3 -5.003550338832948
7.0 48.0 -2.23628514212745
7.0 47.9 -2.497067383927451
7.0 47.9 -3.0802384408485395
7.0 47.8 -3.42902384124854
7.0 47.7 -2.968541471566919
7.0 47.6 -3.42334684566692
7.0 47.6 -2.8401757887458032
7.0 47.4 -2.633537120403627
7.0 47.3 -3.1365259357036273
7.0 47.2 -1.3501635769192433
7.0 47.2 -0.47540699153759647
7.0 47.1 -1.1059936156375976
7.0 46.4 -9.811079763777037
7.0 46.3 -11.311941885377038
7.0 45.9 -2.3523235564525393
7.0 45.8 -2.176950479052543
7.0 45.7 1.760452864142529
7.0 45.4 4.387225148033622
7.0 45.3 4.533835408033617
7.0 45.3 5.289616032968276
7.0 45.2 5.20848505146828
7.0 45.1 7.709066052228685
7.0 45.0 7.334634442128689
7.0 44.9 12.260711304471293
7.0 44.8 12.037715546371295
14.0 45.5 -4.460045659637373
14.0 45.4 -3.3768127799373744
14.0 45.6 -3.583728507958611
14.0 45.8 -2.098210824117551
14.0 45.7 -1.7122130519175514
14.0 45.9 1.510085843194041
14.0 45.8 1.6657941561940461
14.0 47.3 0.28901276531047415
14.0 47.2 0.1705397123104717
14.0 47.4 0.1918428528022531
14.0 47.3 -0.21285456539774827
14.0 47.6 1.0449225940399316
14.0 47.5 0.12238383673993525
14.0 48.1 2.0784956107442554
14.0 48.0 1.162510503344258
14.0 48.3 3.2245908866442576
14.0 48.2 2.7742086539442568
14.0 48.7 1.9296635570652967
14.0 48.9 1.8231999910547856
14.0 48.8 2.1254231965547845
14.0 49.1 -0.23477851117681325
14.0 49.0 -0.13316642017681346
14.0 49.3 -0.6551668725294562
14.0 49.2 -0.8758204064294546
14.0 49.6 -0.08931401045974496
14.0 49.5 -0.7640919950597436
14.0 49.7 -0.34705120267348377
14.0 49.6 -1.116078912673487
14.0 50.0 -1.5868084761429557
14.0 49.9 -2.3888790938429594
14.0 50.1 -1.0545630373857122
14.0 50.0 -1.7921614565857098
5.0 43.9 -3.4494513049029507
5.0 45.2 1.056360434832719
5.0 45.4 -0.18503761582427103
5.0 45.3 -0.16905212692427085
5.0 45.5 -2.9575638661210206
5.0 45.4 -2.981539238521023
5.0 45.6 -2.90157936912102
5.0 45.5 -2.9575638661210206
5.0 46.0 2.573507691989704
5.0 45.9 2.4851650252897066
5.0 48.4 -0.23642638000132976
5.0 48.3 0.11054322449867016
5.0 48.5 0.8739629820933743
5.0 48.4 1.250206573393374
5.0 48.7 1.2304139732677157
5.0 48.6 1.6565461753677155
16.0 45.9 -1.8935251440744132
16.0 45.8 -2.5724020208744136
16.0 46.0 -2.632582104201809
16.0 46.2 -2.2395054267550485
16.0 46.1 -2.2382618354550488
16.0 46.4 -1.1063823134873196
16.0 46.3 -0.7341803939873195
16.0 46.4 -1.1063823134873196
16.0 46.6 -1.8830417637937735
16.0 46.5 -1.2720436100937746
16.0 46.7 -2.572491074093776
16.0 46.6 -1.8830417637937735
16.0 46.8 -2.6382668684066815
16.0 46.7 -1.8892605971066843
16.0 47.0 -1.1823668069647866
16.0 46.9 -0.35762925816478486
16.0 47.1 -2.020616013464789
16.0 47.0 -1.1823668069647866
16.0 47.3 -7.054238186000227
16.0 47.4 -6.915112504366363
16.0 49.4 -0.40699120657897225
16.0 49.8 -0.5111530829938857
16.0 49.7 -0.5352848578938847
16.0 50.0 2.343490437553079
16.0 49.9 2.3701246538530825
16.0 50.3 -2.1669359094073
16.0 50.2 -2.157635677507301
16.0 50.5 -0.6629860484060544
16.0 50.4 -0.7252838695060504
16.0 50.6 0.6905348343825395
16.0 50.5 0.579687361282538
16.0 47.2 -4.8988100995260595
16.0 47.1 -4.070307444426064
16.0 47.6 -3.8285960426491386
16.0 47.5 -3.3631915321491377
16.0 47.7 -0.8001113853872397
16.0 47.6 -0.4964080772872421
16.0 47.8 3.9534687852768613
16.0 47.7 4.087097630476862
16.0 48.3 -1.4400445660469217
16.0 48.2 -1.8511048993469217
16.0 48.7 -7.614582954558003
16.0 48.6 -7.980709968757999
16.0 48.8 -7.720110492672916
16.0 49.0 -4.891344414998322
16.0 48.9 -5.184248315098323
16.0 49.1 -0.3984401186065938
16.0 49.3 0.07200360689340357
16.0 49.6 -0.3758182843364253
16.0 49.5 -0.48111155823642804
16.0 49.7 -0.9795765866088146
16.0 49.6 -1.042255877408813
16.0 50.2 0.3277111418698837
16.0 50.1 0.35588649586988197
16.0 50.7 1.3871830969205092
16.0 50.6 1.2231091528205056
16.0 45.8 3.0642494142690637
16.0 45.7 2.1942352235690663
2.4 45.8 -1.4810922402101987
2.5 45.8 -1.3345639962101998
4.4 45.8 0.13638719710379377
4.5 45.8 -0.10138479079620666
5.1 45.8 3.266387035687906
5.2 45.8 2.9631739161879054
16.7 45.8 2.308285085303794
16.8 45.8 2.6737578789037926
16.4 45.8 0.7714103142037914
16.5 45.8 1.3510974327037921
16.1 45.8 -2.0560186165101975
16.2 45.8 -1.3379171151101978
15.5 45.8 -7.559484381924243
15.6 45.8 -6.748861213024249
15.3 45.8 -6.807519473982161
15.4 45.8 -5.994092502482161
15.0 45.8 -8.381375714768168
14.5 45.8 -7.4349869052981035
13.7 45.8 -3.622959362928036
13.4 45.8 0.1818392152279813
13.0 45.8 0.37634681402798265
13.1 45.8 0.4101068848279823
12.7 45.8 3.334149084784059
12.3 45.8 -0.9380683899000033
12.4 45.8 -1.2255249023000019
12.1 45.8 3.242611383256019
12.2 45.8 2.666107629656018
6.7 45.8 -1.5171086912720213
6.8 45.8 -1.7399518614720222
7.4 45.8 3.2443279970560184
7.5 45.8 4.293488000656019
7.8 45.8 13.698823377068116
8.1 45.8 15.841161176168114
8.4 45.8 15.862515738554123
8.5 45.8 15.86590318965412
8.9 45.8 18.185956742110143
9.0 45.8 17.86300447161014
9.5 45.8 11.024914691612096
9.8 45.8 12.670220551040074
9.9 45.8 12.887707886240072
10.6 45.8 16.076348480740076
10.7 45.8 16.433695969140075
10.9 45.8 16.725312408940074
11.0 45.8 16.617699799140077
11.5 45.8 15.86076120368216
22.0 47.9 6.408637326419001
22.0 47.8 6.695878308518999
22.0 48.6 2.8906393828151202
22.0 48.5 3.356497842315118
22.0 48.7 1.6333471851073007
22.0 48.6 2.0989748554073024
22.0 48.9 1.4492731871151179
22.0 48.8 1.9490233244151192
22.0 49.1 1.5143239180267898
22.0 49.0 2.1000401656267904
22.0 49.3 -1.4180041601887865
22.0 49.2 -0.712378626088789
22.0 49.6 -7.073202919219945
22.0 49.5 -6.183787178319946
22.0 49.9 -6.119587618581001
22.0 49.8 -5.063179690181002
22.0 50.0 -7.623745840584881
22.0 49.9 -6.515419882284881
22.0 50.2 -5.606649960842027
22.0 50.1 -4.422834958442024
22.0 50.3 -6.797163571642024
7.0 48.2 -4.071357764051303
7.0 48.1 -4.119844473651302
7.0 48.6 -3.954446103569655
7.0 47.0 -1.2865459321165105
7.0 46.9 -2.228816211016511
7.0 46.8 -2.7953510409954205
7.0 46.7 -4.153039944795424
7.0 46.6 -5.683122647395422
7.0 46.3 -3.4965434290169384
7.0 46.2 -4.757995150216942
7.0 46.1 -2.6641481631783037
7.0 46.0 -2.445387363730781
7.0 45.9 -2.6042504314307777
7.0 44.4 2.576447771594985
7.0 44.3 4.072579668494988
7.0 44.2 -3.2627332652209162
7.0 44.1 -1.398437305820913
7.0 44.0 -1.2591241088426806
7.0 43.9 0.5603586945573191
7.0 43.9 -4.493593804832841
7.0 43.8 -2.8048845458328415
7.0 43.7 -4.275976769932839
7.0 43.5 -8.732717143761608
7.0 43.4 -7.5658489339616075
7.0 44.6 12.718479243849522
7.0 44.5 13.50146493114952
7.0 45.5 2.656265615949522
2.9 45.1 -3.096779294722513
3.4 45.1 -2.5092491586225094
3.5 45.1 -2.4011635262225113
5.5 45.1 -1.2112145150060343
5.6 45.1 -2.5422005379060337
7.7 45.1 32.88723366104937
9.6 45.1 -2.457023596216473
10.1 45.1 2.596467983941764
10.2 45.1 3.18676186824176
11.0 45.1 9.401565078010442
11.1 45.1 9.449880126210441
11.7 45.1 1.6189689879835214
11.8 45.1 0.9967117552835276
12.0 45.1 1.384293574462646
12.3 45.1 -3.8567385338851565
13.2 45.1 2.96445895153132
13.3 45.1 3.0801396461313217
13.6 45.1 4.594850066410437
13.7 45.1 4.407601836410443
13.9 45.1 4.583065032999997
14.0 45.1 4.168540954599997
14.3 45.1 5.842771517958241
14.4 45.1 5.316934573358239
14.6 45.1 6.7174200798269155
14.8 45.1 -2.772562014758236
15.0 45.1 -7.209310981006034
15.1 45.1 -7.318289252506034
15.6 45.1 -10.557452159153833
15.7 45.1 -10.20043464215383
16.7 45.1 -7.672327466722514
13.0 43.7 13.881481843969226
13.0 43.6 13.813288408269226
13.0 43.6 12.941977631437378
13.0 43.5 12.88512719813738
13.0 45.5 6.392744941059561
13.0 45.4 7.316042823159556
13.0 45.6 4.115349046230904
13.0 45.8 0.313519826124633
13.0 45.7 0.9038976338246343
13.0 45.8 -1.7879896466306064
13.0 46.0 -3.850341062608223
13.0 45.9 -3.360316496008224
13.0 46.9 -4.959294774595669
13.0 46.8 -4.589860417895665
13.0 47.0 -4.056000975718057
13.0 46.9 -3.9085400382180566
13.0 47.1 -4.573361820309678
13.0 47.3 -2.5582225157950305
13.0 47.2 -3.2736499144950315
13.0 47.4 -1.7734393810705598
13.0 47.3 -2.768373463070553
13.0 47.5 -1.8046888452236942
13.0 47.4 -3.034345064723695
13.0 47.6 -1.6665390478768387
13.0 47.5 -3.0655945288768436
13.0 49.1 1.3535004389094993
13.0 49.0 1.4451180232095027
13.0 51.0 -3.2257485788409923
13.0 50.9 -3.01410345254099
8.0 49.1 -6.395468879694107
8.0 49.0 -6.104531455994106
8.0 49.0 -4.291564439659098
8.0 48.9 -3.9862208117590967
8.0 48.8 -2.467164680902421
8.0 48.6 2.9593234378242883
8.0 48.5 3.214896710524286
8.0 48.5 3.365977295218869
8.0 48.4 3.574761398618868
8.0 48.4 -1.8641396503861714
8.0 48.3 -1.7186947803861692
8.0 48.3 -1.1143724416078378
8.0 48.2 -1.0488702748078396
8.0 47.9 -2.271667591882249
8.0 47.8 -2.670532337982248
8.0 47.8 -2.485836323193123
8.0 47.7 -3.0345042308931234
8.0 47.6 -3.38021153611486
8.0 47.5 -4.281407062214857
8.0 47.4 -4.83586813584747
8.0 47.2 -3.305679192308361
8.0 47.1 -5.097900261608366
8.0 47.0 -5.229253559817067
8.0 46.9 -7.321183949217065
8.0 46.7 -7.8636869631236195
8.0 46.6 -9.514428540323621
8.0 46.5 -8.657779244043184
8.0 46.4 -9.204211739143183
8.0 46.3 1.147500928458932
8.0 46.2 2.129323895958933
8.0 46.2 6.377332236108899
8.0 46.1 8.118909384608898
8.0 46.1 8.118909384608898
8.0 46.0 10.510217215408893
2.2 45.8 -1.7472055214101978
2.3 45.8 -1.6181791085101978
3.0 45.8 1.1217045403178396
3.1 45.8 1.307869396317841
3.1 45.8 -1.0712660744242442
3.2 45.8 -0.8942755654242447
3.4 45.8 -2.180938846752227
3.5 45.8 -2.075866825352225
3.6 45.8 -2.8032171732662725
3.7 45.8 -2.782121897366274
4.0 45.8 -0.6312235787242457
4.1 45.8 -0.7964075997242439
4.2 45.8 -0.9936064675242449
4.3 45.8 -1.214578528724246
4.6 45.8 -0.33633581009620883
4.7 45.8 -0.5641705115962061
4.9 45.8 2.166470351659868
5.8 45.8 -3.215058615654179
5.9 45.8 -4.243249228454182
18.6 45.8 -5.08583542005033
18.0 45.8 -2.449385154294255
18.1 45.8 -2.4186138987942556
17.6 45.8 4.827433184131831
17.7 45.8 4.764679506831829
17.2 45.8 1.7833233877757557
17.3 45.8 1.7988415762757555
14.7 45.8 -8.033516946926142
14.8 45.8 -7.414940897126144
7.0 45.8 -1.429702532872021
10.0 45.8 12.410229745926088
10.1 45.8 12.813138071126083
10.3 45.8 9.83227584245602
10.4 45.8 10.363464807356017
11.6 45.8 10.12147601049805
11.7 45.8 9.106671170398045
4.6 47.9 2.6105826716204845
4.9 47.9 1.2094404104473
5.0 47.9 1.2782651785473007
5.6 47.9 -0.5221586549125554
5.7 47.9 -0.37738326421255763
5.9 47.9 0.7696648026740611
6.0 47.9 0.9816265488740612
6.2 47.9 -0.1104031634991749
6.4 47.9 0.4593333173008247
6.5 47.9 0.7607077527008244
6.6 47.9 0.27394945011420546
6.7 47.9 0.5748203455142047
7.6 47.9 0.4290816030410234
7.7 47.9 0.3914381704410239
8.3 47.9 -5.105283519778634
8.4 47.9 -5.266258022378636
13.0 47.9 -2.2107881252330372
13.1 47.9 -2.52601944843304
13.2 47.9 -2.8203195278330426
13.3 47.9 -3.0809434596330405
13.5 47.9 -3.460292214533041
13.6 47.9 -3.567015999933041
13.9 47.9 -1.1758901096732401
14.0 47.9 -1.0825749851732382
14.1 47.9 -0.9625531650732384
14.2 47.9 -0.8291379429732402
12.0 50.2 -0.3102997208232132
12.0 50.1 -0.32339557652321105
12.0 47.7 -0.4013168148624473
12.0 47.6 1.5397138882232184
12.0 47.5 0.1486196804232165
12.0 46.7 6.9953210586341825
12.0 46.6 7.346799635334186
12.0 46.5 4.957285751904649
12.0 46.4 5.852316727304647
12.0 46.3 1.3208881822578107
12.0 46.2 2.5052906480578088
12.0 46.2 -0.06498018425949681
12.0 46.1 1.1552842505405039
12.0 45.0 -9.637576833995197
12.0 44.9 -9.210849538995198
12.0 43.4 39.98938699653925
12.0 43.3 40.91228242803925
12.0 43.6 32.084313000359984
12.0 43.5 33.27358111255998
12.0 43.7 24.08793704442087
12.0 43.6 25.265442537620867
12.0 43.8 19.210483903131355
12.0 44.0 17.716333368780965
12.0 45.4 -5.727089028614337
12.0 45.3 -5.010547738314337
12.0 45.3 -5.711530692582706
12.0 45.2 -5.028848655282701
22.0 47.3 5.86254775021121
22.0 47.2 5.580649251711211
22.0 47.4 6.068167562211212
22.0 47.3 5.86254775021121
2.5 44.4 -1.2692116773668403
3.0 44.4 -0.5069867866757534
3.1 44.4 -0.4863683479757519
3.6 44.4 -0.07711045917575277
4.6 44.4 -0.9663101488579855
4.7 44.4 -1.0882335955579876
6.7 44.4 7.092400114320135
6.8 44.4 7.226704160920136
6.9 44.4 13.701462826240217
7.0 44.4 14.23757656534022
7.1 44.4 17.3268101361136
7.2 44.4 18.183266892713597
16.9 44.4 -10.005064179275749
17.0 44.4 -9.806509186575752
14.9 44.4 11.79991583082014
15.0 44.4 11.353142301820135
14.6 44.4 12.52190190822899
13.7 44.4 11.76553361967338
13.8 44.4 11.64472978667338
8.6 44.4 -1.9010129341224555
8.7 44.4 -1.624350107522453
9.8 44.4 -9.538501732104748
9.9 44.4 -10.615295402704746
9.4 44.4 -3.120715915131367
9.5 44.4 -4.022252856631365
9.2 44.4 -1.6917989840313652
9.3 44.4 -2.5321939577313657
8.8 44.4 -2.2780602124135996
8.9 44.4 -2.288672700213599
23.0 50.0 -17.527160355802856
23.0 49.9 -16.711318681002858
21.0 48.8 -0.07645147955092568
21.0 49.0 0.06377253626720503
21.0 48.9 1.048908568367203
2.5 43.7 -1.9873601930379685
2.6 43.7 -2.03649158653797
2.8 43.7 -2.0083753603379684
3.0 43.7 0.6011740098695917
3.1 43.7 0.7916208634695892
4.0 43.7 -1.1615267202455861
4.1 43.7 -0.9262819692455864
4.5 43.7 -0.6651659414455864
4.6 43.7 -0.800953905245585
5.9 43.7 -0.5173314680304095
6.0 43.7 -0.5370973219304105
7.7 43.7 -3.60259125036076
7.8 43.7 -2.9741275052607605
8.3 43.7 2.002335075344334
8.4 43.7 2.6065983810443356
9.7 43.7 4.952840981259513
9.8 43.7 4.14703958965951
10.0 43.7 0.9281301096544148
10.1 43.7 0.12430282385441416
10.3 43.7 -2.206898360848104
10.4 43.7 -2.9251123958481067
11.1 43.7 4.062641448284769
9.0 49.3 -5.334452361195833
9.1 49.3 -5.343178481195835
9.3 49.3 -2.276965915131367
9.4 49.3 -2.371692477631367
10.2 49.3 -2.885077557140221
10.8 49.3 0.532448339515394
10.9 49.3 0.5144525052153952
11.2 49.3 1.2967064638064834
11.3 49.3 1.2845948000064809
11.6 49.3 1.9127521551976265
12.1 49.3 -1.5091745155757508
12.2 49.3 -1.858179261075751
13.1 49.3 -5.395293664884605
13.5 49.3 -5.341901775502372
13.6 49.3 -5.591329570902374
14.0 49.3 -3.625581565228991
14.1 49.3 -3.600400748628992
14.4 49.3 -4.902613896511227
14.5 49.3 -4.764304417811225
14.8 49.3 -3.513763944920136
14.9 49.3 -3.357498686120138
15.5 49.3 -4.770893786493517
16.1 49.3 0.1697816005621533
16.2 49.3 0.2813881984621531
18.9 49.3 -4.394075390002371
19.0 49.3 -4.529035564502372
4.0 43.7 -1.6777900653924682
4.0 43.6 -1.0090354876924685
4.0 44.1 -1.8349270869064185
4.0 44.0 -1.6627507258064185
4.0 44.2 1.5830171649683287
4.0 44.1 1.693548018168329
4.0 44.3 0.6234229982131829
4.0 44.9 1.5679323626799544
4.0 44.8 1.6162435962799542
4.0 45.1 -0.5930975535587066
4.0 45.0 -0.6093615153587066
4.0 45.2 -1.7926007161645963
4.0 45.4 -1.0417905447049272
4.0 45.3 -1.164206087304926
4.0 45.5 -0.3599748952452586
4.0 45.4 -0.5024328573452586
4.0 46.1 0.33170029085474084
4.0 46.0 0.2733182565547416
4.0 46.2 0.7213891173278455
4.0 46.1 0.6912720824278438
4.0 46.4 2.8171585548724067
4.0 46.3 2.8402241218724065
4.0 46.6 3.097085734939622
4.0 46.5 3.1699674335396217
4.0 47.0 -0.2516753415636863
4.0 46.9 -0.07905075356368485
4.0 47.2 2.700306882184716
21.0 50.3 -5.711130547042181
21.0 50.2 -5.547796654242184
21.0 50.0 1.401722285612486
21.0 49.9 1.5093425248124888
21.0 49.1 3.632783195576202
21.0 49.0 4.708684227076201
21.0 49.2 5.8285336508397805
21.0 49.1 6.950577260439779
21.0 49.8 2.1691642550943016
21.0 47.0 12.525065388798776
21.0 46.9 12.485037770398776
21.0 46.9 12.62801718201547
21.0 46.8 12.57762121641547
21.0 46.8 11.147827100248666
21.0 46.7 11.082332562948665
21.0 46.7 10.081476681631898
21.0 46.6 9.9931092194319
21.0 48.2 5.368746858883259
21.0 48.1 5.60967932348326
21.0 48.4 6.144512986939372
21.0 48.3 6.470999574439372
15.0 50.0 -2.3802517602207516
15.0 49.7 1.230056019865657
15.0 49.6 0.9267008077649024
15.0 49.5 0.3503763448649053
15.0 49.4 -1.6420066824313224
15.0 49.3 -2.0981376639313183
15.0 49.2 -1.8759296312328289
15.0 49.1 -2.134814061132829
15.0 48.5 -0.6205375277373619
15.0 48.4 -0.768486746437361
15.0 48.3 -1.6170146644358496
15.0 48.2 -1.9952304542358519
15.0 47.8 -5.961473278130562
15.0 47.7 -6.235769085030562
15.0 47.7 -7.406472992227542
15.0 47.6 -7.476243805227547
15.0 47.5 -4.965455802833581
15.0 47.4 -4.548810752833582
15.0 47.3 -1.856508968938897
15.0 47.2 -1.032797573638895
15.0 46.9 0.2632003567669656
15.0 46.8 -1.2578171637149325
15.0 46.7 -0.6792649176149368
15.0 46.6 -2.654883725996868
15.0 46.5 -2.610682828796868
15.0 46.5 -2.610682828796868
15.0 46.4 -2.854369504796864
15.0 46.4 -2.854369504796864
15.0 46.3 -3.3689302042968663
15.0 46.1 -1.968245253054313
15.0 46.0 -2.9921977371543136
15.0 46.0 -6.247929369341179
15.0 45.9 -7.293694292441174
3.0 43.2 1.292854890133679
3.0 43.1 2.1076418011336813
3.0 44.1 -1.144924970591127
3.0 44.0 -1.306883665091128
3.0 44.7 -2.1224720648515856
3.0 44.6 -2.086720722151586
3.0 44.9 3.5456405759367726
3.0 44.8 3.614665615636774
3.0 45.7 1.329709089100355
3.0 45.6 1.1613417032003532
3.0 45.8 1.2945563971158585
3.0 45.7 1.1538512885158596
3.0 46.0 -3.111860492781048
3.0 45.9 -3.1740629463810492
3.0 46.4 7.56939296908018
3.0 46.3 7.63454418368018
3.0 46.9 3.038730432480179
3.0 46.8 3.169757654180181
20.0 46.8 2.345744930097773
20.0 46.7 2.3636263234977726
20.0 47.2 13.962511867686409
20.0 47.1 14.151707500586408
20.0 47.4 11.05126130716637
20.0 47.3 11.325709701966371
20.0 47.6 6.791420149736332
20.0 47.5 7.1339627980363325
20.0 48.3 -2.561700571950393
20.0 48.2 -2.0609204663503924
20.0 48.5 -0.5790555782570301
20.0 48.4 0.07626172824296873
20.0 48.6 -2.141924163130355
20.0 48.5 -1.3803160393303564
20.0 47.8 6.040268111136331
20.0 47.7 6.424728560336334
20.0 48.0 2.828482348616326
20.0 47.9 3.2387530395163253
20.0 49.4 -6.9717536534736695
20.0 49.3 -6.360620078073673
20.0 50.1 -0.10808525278030601
20.0 50.0 -1.170512773580306
6.0 48.5 0.9430347894357958
6.0 48.4 1.238027236335796
6.0 48.4 -0.051823255494241494
6.0 48.3 0.19437730610576054
6.0 48.2 -1.6761271027222548
6.0 48.1 -1.8002013269882582
6.0 48.0 -2.2483257431202617
6.0 47.9 -2.250940718120262
6.0 47.9 -1.99297061975426
6.0 47.8 -2.0652419667542574
6.0 47.6 -0.831733357758246
6.0 47.5 -0.7791541895922443
6.0 47.4 -0.9856418451922444
6.0 47.3 0.11888874613776323
6.0 47.2 -0.029409517462237744
6.0 47.2 -0.029409517462237744
6.0 47.1 -0.13556682036223577
6.0 47.2 -0.5453497141942414
6.0 47.1 -0.6515070170942394
6.0 43.9 -9.530260963139874
6.0 43.8 -8.970889014939875
6.0 44.0 -9.961289833587195
6.0 43.9 -9.283017586287194
6.0 44.4 -2.7022073524635815
6.0 44.3 -1.5126397864635805
6.0 44.5 -1.407259783258219
6.0 44.4 -0.2077205987582218
6.0 46.8 -2.571450517039491
6.0 46.7 -2.6959717725394903
6.0 46.7 -3.5329582117474807
6.0 46.6 -3.7444812677474815
6.0 46.6 -3.3259880481434934
6.0 46.5 -3.654963725643494
6.0 46.4 -3.4950698129374977
6.0 46.3 -4.1095946542374975
6.0 46.1 -6.744125675437495
6.0 46.0 -7.720691990137496
4.1 46.5 0.2608740718583107
4.2 46.5 0.12097195695831076
4.4 46.5 -2.629129458470004
5.4 46.5 -4.473938036970004
7.6 46.5 -11.347347819070585
7.7 46.5 -12.049889170370584
9.1 46.5 -15.296922917242213
9.2 46.5 -15.763181919942213
9.6 46.5 -6.331725422243309
9.7 46.5 -6.625060383143314
9.9 46.5 -2.2040697408866237
10.0 46.5 -2.2405153585866273
10.2 46.5 -7.608856293586101
10.3 46.5 -7.398315522086101
19.5 46.5 3.165360192872786
19.6 46.5 3.2001254363727867
19.3 46.5 3.6810965635155206
19.4 46.5 3.85673857701552
18.9 46.5 6.995733445972206
19.0 46.5 7.459766572772207
18.8 46.5 6.487341111972206
18.4 46.5 1.2076044764011016
18.5 46.5 1.7010164942011023
17.0 46.5 3.9394101853149976
17.1 46.5 3.978653883414996
17.3 46.5 -1.6287197969844804
17.4 46.5 -1.70025300008448
17.8 46.5 -3.4882317076700033
17.9 46.5 -3.4277534971700057
17.5 46.5 -2.573945303427216
16.5 46.5 0.7537847829866813
16.6 46.5 0.9665838552866823
16.2 46.5 0.9376005299294157
16.3 46.5 1.1249517567294163
15.2 46.5 -1.783715598513318
14.9 46.5 0.3343644483005761
15.0 46.5 1.057749305400577
14.5 46.5 -0.9555960869711058
14.6 46.5 0.03789222482889443
13.1 46.5 -3.5082611454144157
13.2 46.5 -3.4510673893144173
12.8 46.5 -0.5473931468433122
12.9 46.5 -0.45574123034331393
12.5 46.5 -0.21742490360052358
12.6 46.5 -0.031542335200519744
12.3 46.5 4.897505692098896
12.4 46.5 5.128165176998898
14.0 44.9 6.576457469728346
14.0 44.8 7.402583568328346
14.0 45.0 2.3040620991249483
14.0 45.2 0.8846247635413889
14.0 45.1 2.1446459732413885
14.0 45.4 -1.8712107878127355
14.0 45.3 -0.6488177519127376
14.0 46.1 9.955485728079559
14.0 46.0 9.81669941217956
14.0 46.2 10.129264261979557
14.0 46.1 9.955485728079559
14.0 46.5 2.6530961827892128
14.0 46.4 2.769917471889208
14.0 46.9 -3.0906591578107907
14.0 46.8 -2.5505018396107886
14.0 47.2 -0.3313276183977507
14.0 47.1 -0.18824595329774496
14.0 48.0 1.3160972980179437
14.0 47.9 0.23187259711794184
14.0 48.4 1.8734951345758262
14.0 48.3 1.6657314626758293
14.0 48.5 2.0396102150389837
14.0 48.4 2.0467017372389833
14.0 51.0 -3.0391235748261742
14.0 50.9 -3.020216027826173
14.0 50.8 -2.03981495611243
14.0 49.9 -0.5407022698582296
14.0 49.8 -1.3730653984582304
14.0 49.4 0.7441687969677417
14.0 49.3 0.3543219951677443
14.0 46.0 8.06016375470081
14.0 45.9 8.034361142400805
17.0 44.9 -7.146978273789799
17.0 45.0 -6.011655702989799
17.0 45.6 -0.9038091364470411
17.0 45.5 -1.8637643518470384
17.0 46.1 1.2248199988512418
17.0 46.3 -0.08059992304875863
17.0 46.2 0.6382034827512442
17.0 46.8 -1.115316835691516
17.0 46.7 -0.7280220664915156
17.0 46.9 -0.04988960479323268
17.0 46.8 0.18733115940676726
17.0 47.1 -0.47988463923944735
17.0 47.0 -0.4680075792394476
17.0 47.2 -0.09086203766254997
17.0 47.1 -0.13511824806255035
17.0 47.3 2.382045008046024
17.0 47.2 2.319894052846024
17.0 47.4 1.0573392064226717
17.0 47.3 1.008387103822674
17.0 47.7 -1.5966104881611471
17.0 47.6 -1.525449217961146
17.0 50.2 2.065581037086723
17.0 50.1 2.2303988470867253
17.0 50.1 2.2303988470867253
17.0 50.0 2.4473940863867227
17.0 49.9 2.3407071132941866
17.0 49.2 1.5879588181464115
17.0 48.7 -1.6083300904555458
17.0 48.6 -1.3075068788555484
17.0 48.3 -2.7787042782956917
17.0 48.2 -2.5729395077956916
17.0 48.2 -2.1267285923476713
17.0 48.1 -1.9390760044476707
19.0 47.5 3.95996636417453
19.0 47.4 4.04741257697453
19.0 47.8 3.6338356623559314
19.0 47.7 3.5637138972559335
19.0 47.9 3.09446680382802
19.0 47.8 3.0148979409280194
19.0 48.2 -1.667583355685963
19.0 48.1 -1.585948834185963
19.0 48.3 -2.280937873404575
19.0 48.2 -2.0802085033045756
19.0 48.4 -2.2139185759859608
19.0 48.3 -1.8683127257859624
19.0 48.5 -3.132849418204575
19.0 48.4 -2.6265437236045734
19.0 48.6 -4.681475628514004
19.0 48.5 -4.0121412169140065
3.3 43.7 2.894643655274688
3.4 43.7 3.206560006574687
3.6 43.7 5.480736820579729
3.7 43.7 5.832509128879728
4.3 43.7 -1.4372107082481058
4.7 43.7 -1.0184755727455865
4.8 43.7 -1.3118448659455844
5.0 43.7 -2.088707964145584
5.1 43.7 -2.540192644245586
5.7 43.7 -5.766565948148106
5.8 43.7 -5.964251189848106
6.3 43.7 -0.10276352063040761
8.1 43.7 -2.5183486459658013
7.4 43.7 -1.2866312557481052
7.5 43.7 -0.774166732448105
14.9 43.7 14.283611794522734
15.0 43.7 14.036886712122737
15.1 43.7 15.158984464817639
15.2 43.7 14.825824064417638
3.3 46.5 7.218604389443314
3.4 46.5 7.360856357843314
3.5 46.5 6.679947410300578
3.6 46.5 6.760464225500577
3.8 46.5 2.844725258486683
3.9 46.5 2.815455086386681
4.6 46.5 -3.0737820158700053
4.7 46.5 -3.306181002670005
4.8 46.5 -1.9459271333844796
4.9 46.5 -2.1605610750844804
5.2 46.5 -4.260791827270005
5.3 46.5 -4.379322100670006
5.8 46.5 -4.797470141470004
5.9 46.5 -4.930559207070004
6.1 46.5 -2.1871556554988985
6.4 46.5 -1.8578351663133148
6.7 46.5 -4.751802585556106
6.8 46.5 -5.613687656356106
7.0 46.5 -7.494920871756108
7.3 46.5 -10.398531101256111
7.4 46.5 -11.30538763805611
7.9 46.5 -14.010049216613318
8.0 46.5 -14.479634635313317
8.2 46.5 -12.069566960242213
8.3 46.5 -12.39196228494221
8.5 46.5 -11.412869151756688
8.6 46.5 -11.726334270156684
8.9 46.5 -14.416414494442215
9.0 46.5 -14.84552978984221
9.4 46.5 -16.67409729474221
9.5 46.5 -17.08717941754221
16.0 46.5 3.0151917982577885
15.7 46.5 -0.5080331491133165
15.8 46.5 -0.3932317423133185
13.9 46.5 -6.209105608471106
14.0 46.5 -5.533015367971103
13.8 46.5 -4.3943412595427915
13.9 46.5 -3.8268096739427904
13.4 46.5 -4.047820300457211
13.5 46.5 -3.8706390565572093
9.0 49.8 -1.7848832489756283
9.0 49.7 -1.738548028675627
9.0 49.6 -5.316007400622755
9.0 49.5 -5.3007600556227565
9.0 49.3 -2.8445207375716457
9.0 49.2 -2.812387635171646
9.0 48.8 -4.4562582553125445
9.0 48.7 -4.349383789312544
9.0 48.4 -1.3950316402062874
9.0 48.2 -0.18085756073074677
9.0 48.1 -0.3164261795307475
9.0 47.9 -2.9980241555716454
9.0 47.8 -3.697780777871646
9.0 47.8 -1.7594021774307471
9.0 47.7 -2.7373055435307485
9.0 47.7 -0.7989269430898496
9.0 47.6 -2.088872545489849
9.0 47.5 -2.98012555932452
9.0 47.4 -4.916690958524519
9.0 47.4 -4.6743936334694
9.0 47.3 -6.8865136896694
9.0 49.4 -4.075777031447188
9.0 49.3 -4.056007362847186
9.0 47.2 -6.917543751317176
9.0 47.1 -9.401510578717172
9.0 47.1 -6.55487685683206
9.0 47.0 -8.964678339932064
9.0 47.0 -8.294882170076747
9.0 46.9 -10.458296171576741
9.0 46.9 -10.123398086649082
9.0 46.8 -11.863533279449086
9.0 46.6 -2.084816995508632
8.3 50.0 -7.943829389465254
8.4 50.0 -7.767720075465256
11.7 50.0 -2.818138225099176
11.8 50.0 -2.8159657549991763
14.5 50.0 1.9241165953937198
14.6 50.0 1.9773316222937183
15.9 50.0 -1.532011736266135
16.1 50.0 -0.5925756365928976
16.2 50.0 -0.9193273455928974
16.6 50.0 -2.8250805516795197
16.7 50.0 -3.027457870979518
17.5 50.0 -5.957573782039319
17.6 50.0 -5.947762380639318
18.2 50.0 -7.296660455412557
18.3 50.0 -7.213435205212555
18.6 50.0 -5.2754792080393145
18.7 50.0 -5.12673653223932
19.0 50.0 -3.8577097055527005
19.1 50.0 -3.7116869088526983
19.6 50.0 -2.607020128566134
19.7 50.0 -2.6656176932661353
20.3 50.0 -2.2224775225928965
20.4 50.0 -2.4854093462928972
20.9 50.0 -8.464606317212557
21.0 50.0 -8.666457208312558
21.5 50.0 -7.903363119139321
21.8 50.0 -5.155144301092896
21.9 50.0 -5.289810743992895
22.2 50.0 -4.86406470950628
22.4 50.0 3.6651652291464174
22.5 50.0 3.5936358407464226
5.0 48.6 2.237139864701895
5.1 48.6 2.3275367458018934
6.2 48.6 7.630982900743923
6.3 48.6 8.049197698743924
6.5 48.6 8.091256530529932
6.6 48.6 8.493712814029934
6.8 48.6 6.048800405373857
6.9 48.6 6.361067708873858
8.0 48.6 -3.3244863568083005
8.1 48.6 -3.4222150860083005
8.8 48.6 -3.9286600170083013
9.7 48.6 -6.97583290235033
9.8 48.6 -7.124890290650331
10.5 48.6 -6.9324080701222925
10.7 48.6 -5.783562171494253
10.8 48.6 -5.995871055194254
11.0 48.6 -5.6057647410802645
11.1 48.6 -5.792906159480264
11.4 48.6 -7.0822930217942535
11.5 48.6 -7.2274613261942555
11.7 48.6 -5.912716150966272
11.8 48.6 -6.0457422739662725
12.1 48.6 -3.3196904915101975
12.2 48.6 -3.501411225210198
12.5 48.6 -2.6188750647821593
12.6 48.6 -2.9113402747821624
12.9 48.6 0.03215699418790763
13.0 48.6 -0.3362893559120934
13.2 48.6 1.321429641429937
13.3 48.6 0.985625655829935
13.6 48.6 1.773471493357917
13.7 48.6 1.5927387663579182
14.1 48.6 0.4653659116439215
14.7 48.6 -0.529526321670069
14.8 48.6 -0.6203504488700631
15.5 48.6 -1.2332464144700666
15.6 48.6 -1.193066208170066
16.4 48.6 -0.5231216708981066
16.5 48.6 -0.09728701509810378
21.7 48.6 3.662810036645819
21.0 48.6 -1.3680859872522255
21.1 48.6 -1.2423535654522269
20.5 48.6 -0.42758729631019676
20.6 48.6 -0.06837060631019654
19.7 48.6 -4.769735462352227
19.8 48.6 -4.716907627352228
19.1 48.6 -4.724617243466273
19.2 48.6 -4.9513037210662745
18.3 48.6 -5.485317695194254
18.4 48.6 -5.4149613261942555
17.6 48.6 -6.338287705580264
17.7 48.6 -6.028276795480263
17.0 48.6 -6.000112546738237
17.1 48.6 -5.635297788338235
2.5 45.1 -2.4724521149329526
2.6 45.1 -2.4634532441329533
3.2 45.1 -2.76043934412251
3.6 45.1 -0.7290892144433911
3.7 45.1 -0.668940975243391
3.9 45.1 -2.2254299599225114
4.0 45.1 -2.2564320046225106
4.1 45.1 -2.3117641885225098
4.2 45.1 -2.385864682822511
4.4 45.1 -0.9861349602433904
4.5 45.1 -1.0914663811433911
4.6 45.1 -0.4170217087538326
4.7 45.1 -0.5548924973538334
5.0 45.1 1.0842194892148456
5.1 45.1 0.6430039741148441
5.2 45.1 0.8471250839044053
5.3 45.1 0.09003165430440419
6.1 45.1 -4.233038422389562
6.2 45.1 -5.602632996389559
6.3 45.1 -4.322016722120878
6.4 45.1 -5.06002331392088
6.7 45.1 -3.747738370531323
6.9 45.1 1.351057988037354
7.0 45.1 3.3098630722373557
7.2 45.1 11.938155617585153
7.3 45.1 14.411334481085156
7.4 45.1 22.378664915612013
7.5 45.1 24.606577818412013
9.8 45.1 -1.981174444616478
9.9 45.1 -1.5871085877164788
10.4 45.1 4.42694665224176
10.5 45.1 5.037797940041763
10.7 45.1 6.112031948841761
10.8 45.1 6.530294430541762
11.3 45.1 8.99487066571044
11.4 45.1 8.774039748410441
15.4 45.1 -9.497316323874713
16.0 45.1 -0.9401569244582362
16.1 45.1 -0.43673514105823585
2.0 43.0 -1.932334305246684
2.1 43.0 -1.0552018895466801
2.2 43.0 -3.3364196082053112
2.3 43.0 -2.4302497169053083
3.0 43.0 -0.6720111398932502
3.1 43.0 0.14880108550675075
4.6 43.0 7.536110816230035
4.8 43.0 6.583310506465377
5.2 43.0 5.852635762765377
5.3 43.0 5.556714437065377
5.4 43.0 3.635731050736066
5.5 43.0 3.2710173819360655
5.6 43.0 2.095787796671406
5.7 43.0 1.7151286932714065
5.9 43.0 -0.5332358271579061
6.0 43.0 -0.7726939112579068
6.2 43.0 1.4347422812360655
6.3 43.0 1.5395186637360645
6.5 43.0 1.3981368871714075
12.8 43.0 0.3858542902240032
12.9 43.0 -0.4726128118759938
12.3 43.0 27.480596675899164
12.4 43.0 26.774816646599167
12.0 43.0 30.604768004728477
12.1 43.0 30.190301146828478
11.2 43.0 -0.736732319122563
11.3 43.0 -0.7967355998225614
16.3 43.0 12.122948421052541
16.4 43.0 11.926640285052542
16.5 43.0 10.16900414302323
